1.489996000000000023e-06 -4.877700000000000102e+01
1.490050000000000032e-06 -4.867600000000000193e+01
1.490103000000000012e-06 -4.859000000000000341e+01
1.490157000000000021e-06 -4.872099999999999653e+01
1.490210000000000001e-06 -4.879200000000000159e+01
1.490264000000000010e-06 -4.868299999999999983e+01
1.490316999999999990e-06 -4.855899999999999750e+01
1.490370999999999999e-06 -4.849699999999999989e+01
1.490423999999999979e-06 -4.862599999999999767e+01
1.490477999999999988e-06 -4.887100000000000222e+01
1.490530999999999968e-06 -4.889699999999999847e+01
1.490584999999999977e-06 -4.869400000000000261e+01
1.490638999999999985e-06 -4.853199999999999648e+01
1.490691999999999966e-06 -4.843900000000000006e+01
1.490745999999999974e-06 -4.840899999999999892e+01
1.490798999999999954e-06 -4.850800000000000267e+01
1.490852999999999963e-06 -4.858299999999999841e+01
1.490905999999999943e-06 -4.856300000000000239e+01
1.490959999999999952e-06 -4.859899999999999665e+01
1.491013999999999960e-06 -4.849900000000000233e+01
1.491066999999999941e-06 -4.838700000000000045e+01
1.491120999999999949e-06 -4.846900000000000119e+01
1.491173999999999930e-06 -4.848400000000000176e+01
1.491227999999999938e-06 -4.828099999999999881e+01
1.491281999999999946e-06 -4.817099999999999937e+01
1.491334999999999927e-06 -4.831700000000000017e+01
1.491388999999999935e-06 -4.832000000000000028e+01
1.491441999999999916e-06 -4.807800000000000296e+01
1.491495999999999924e-06 -4.797699999999999676e+01
1.491549999999999933e-06 -4.809100000000000108e+01
1.491602999999999913e-06 -4.810900000000000176e+01
1.491656999999999922e-06 -4.803499999999999659e+01
1.491710999999999930e-06 -4.814999999999999858e+01
1.491763999999999911e-06 -4.823100000000000165e+01
1.491817999999999919e-06 -4.809199999999999875e+01
1.491871999999999927e-06 -4.802700000000000102e+01
1.491924999999999908e-06 -4.820900000000000318e+01
1.491978999999999916e-06 -4.827700000000000102e+01
1.492032999999999924e-06 -4.811299999999999955e+01
1.492085999999999905e-06 -4.803799999999999670e+01
1.492139999999999913e-06 -4.797899999999999920e+01
1.492193999999999922e-06 -4.781400000000000006e+01
1.492246999999999902e-06 -4.777199999999999847e+01
1.492300999999999911e-06 -4.783899999999999864e+01
1.492354999999999919e-06 -4.780799999999999983e+01
1.492407999999999900e-06 -4.772399999999999665e+01
1.492461999999999908e-06 -4.760199999999999676e+01
1.492515999999999916e-06 -4.765500000000000114e+01
1.492568999999999897e-06 -4.780799999999999983e+01
1.492622999999999905e-06 -4.775600000000000023e+01
1.492676999999999913e-06 -4.773499999999999943e+01
1.492729999999999894e-06 -4.782300000000000040e+01
1.492783999999999902e-06 -4.783899999999999864e+01
1.492837999999999911e-06 -4.776100000000000279e+01
1.492891999999999919e-06 -4.764500000000000313e+01
1.492945999999999927e-06 -4.762299999999999756e+01
1.492998999999999908e-06 -4.768099999999999739e+01
1.493052999999999916e-06 -4.766899999999999693e+01
1.493106999999999925e-06 -4.757999999999999829e+01
1.493159999999999905e-06 -4.742900000000000205e+01
1.493213999999999914e-06 -4.733400000000000318e+01
1.493267999999999922e-06 -4.737599999999999767e+01
1.493321999999999930e-06 -4.752900000000000347e+01
1.493374999999999911e-06 -4.766700000000000159e+01
1.493428999999999919e-06 -4.758500000000000085e+01
1.493482999999999927e-06 -4.741599999999999682e+01
1.493536999999999936e-06 -4.729399999999999693e+01
1.493590999999999944e-06 -4.730799999999999983e+01
1.493643999999999925e-06 -4.737899999999999778e+01
1.493697999999999933e-06 -4.725800000000000267e+01
1.493751999999999941e-06 -4.716299999999999670e+01
1.493805999999999950e-06 -4.723499999999999943e+01
1.493858999999999930e-06 -4.719200000000000017e+01
1.493912999999999939e-06 -4.710300000000000153e+01
1.493966999999999947e-06 -4.717900000000000205e+01
1.494020999999999955e-06 -4.721699999999999875e+01
1.494074999999999963e-06 -4.714300000000000068e+01
1.494127999999999944e-06 -4.699699999999999989e+01
1.494181999999999952e-06 -4.681499999999999773e+01
1.494235999999999961e-06 -4.685300000000000153e+01
1.494289999999999969e-06 -4.695900000000000318e+01
1.494343999999999977e-06 -4.693999999999999773e+01
1.494397999999999986e-06 -4.690299999999999869e+01
1.494450999999999966e-06 -4.689200000000000301e+01
1.494504999999999975e-06 -4.688300000000000267e+01
1.494558999999999983e-06 -4.687400000000000233e+01
1.494612999999999991e-06 -4.692399999999999949e+01
1.494666999999999999e-06 -4.696200000000000330e+01
1.494721000000000008e-06 -4.692600000000000193e+01
1.494773999999999988e-06 -4.679800000000000182e+01
1.494827999999999997e-06 -4.666299999999999670e+01
1.494882000000000005e-06 -4.665699999999999648e+01
1.494936000000000013e-06 -4.681499999999999773e+01
1.494990000000000022e-06 -4.691599999999999682e+01
1.495044000000000030e-06 -4.685499999999999687e+01
1.495098000000000038e-06 -4.677499999999999858e+01
1.495152000000000046e-06 -4.663700000000000045e+01
1.495206000000000055e-06 -4.648899999999999721e+01
1.495259000000000035e-06 -4.642799999999999727e+01
1.495313000000000044e-06 -4.639300000000000068e+01
1.495367000000000052e-06 -4.634899999999999665e+01
1.495421000000000060e-06 -4.635699999999999932e+01
1.495475000000000069e-06 -4.638000000000000256e+01
1.495529000000000077e-06 -4.638900000000000290e+01
1.495583000000000085e-06 -4.640699999999999648e+01
1.495637000000000093e-06 -4.639699999999999847e+01
1.495691000000000102e-06 -4.636699999999999733e+01
1.495744999999999898e-06 -4.631499999999999773e+01
1.495798000000000091e-06 -4.628499999999999659e+01
1.495852000000000099e-06 -4.628300000000000125e+01
1.495905999999999896e-06 -4.630299999999999727e+01
1.495959999999999904e-06 -4.632500000000000284e+01
1.496013999999999912e-06 -4.630599999999999739e+01
1.496067999999999920e-06 -4.627199999999999847e+01
1.496121999999999929e-06 -4.624900000000000233e+01
1.496175999999999937e-06 -4.624300000000000210e+01
1.496229999999999945e-06 -4.616599999999999682e+01
1.496283999999999954e-06 -4.607699999999999818e+01
1.496337999999999962e-06 -4.615999999999999659e+01
1.496391999999999970e-06 -4.627100000000000080e+01
1.496445999999999979e-06 -4.625500000000000256e+01
1.496499999999999987e-06 -4.624199999999999733e+01
1.496553999999999995e-06 -4.622399999999999665e+01
1.496608000000000003e-06 -4.613300000000000267e+01
1.496662000000000012e-06 -4.609400000000000119e+01
1.496716000000000020e-06 -4.606300000000000239e+01
1.496770000000000028e-06 -4.599199999999999733e+01
1.496824000000000037e-06 -4.595499999999999829e+01
1.496878000000000045e-06 -4.589399999999999835e+01
1.496932000000000053e-06 -4.583800000000000097e+01
1.496986000000000061e-06 -4.588300000000000267e+01
1.497040000000000070e-06 -4.593699999999999761e+01
1.497094000000000078e-06 -4.591400000000000148e+01
1.497148000000000086e-06 -4.585000000000000142e+01
1.497202000000000095e-06 -4.580199999999999960e+01
1.497256000000000103e-06 -4.578099999999999881e+01
1.497309999999999899e-06 -4.579200000000000159e+01
1.497363999999999908e-06 -4.586399999999999721e+01
1.497417999999999916e-06 -4.586200000000000188e+01
1.497471999999999924e-06 -4.576200000000000045e+01
1.497526999999999960e-06 -4.571300000000000097e+01
1.497580999999999968e-06 -4.569500000000000028e+01
1.497634999999999977e-06 -4.566100000000000136e+01
1.497688999999999985e-06 -4.564000000000000057e+01
1.497742999999999993e-06 -4.558200000000000074e+01
1.497797000000000002e-06 -4.548199999999999932e+01
1.497851000000000010e-06 -4.543299999999999983e+01
1.497905000000000018e-06 -4.548299999999999699e+01
1.497959000000000027e-06 -4.550099999999999767e+01
1.498013000000000035e-06 -4.546999999999999886e+01
1.498067000000000043e-06 -4.544800000000000040e+01
1.498121000000000051e-06 -4.540100000000000335e+01
1.498175000000000060e-06 -4.540400000000000347e+01
1.498229000000000068e-06 -4.543500000000000227e+01
1.498284000000000104e-06 -4.539800000000000324e+01
1.498337999999999900e-06 -4.529899999999999949e+01
1.498391999999999909e-06 -4.527300000000000324e+01
1.498445999999999917e-06 -4.537700000000000244e+01
1.498499999999999925e-06 -4.542799999999999727e+01
1.498553999999999934e-06 -4.536599999999999966e+01
1.498607999999999942e-06 -4.530499999999999972e+01
1.498661999999999950e-06 -4.531799999999999784e+01
1.498716999999999986e-06 -4.532399999999999807e+01
1.498770999999999994e-06 -4.523199999999999932e+01
1.498825000000000003e-06 -4.519700000000000273e+01
1.498879000000000011e-06 -4.525600000000000023e+01
1.498933000000000019e-06 -4.527100000000000080e+01
1.498988000000000055e-06 -4.525600000000000023e+01
1.499042000000000063e-06 -4.523199999999999932e+01
1.499096000000000072e-06 -4.519700000000000273e+01
1.499150000000000080e-06 -4.519100000000000250e+01
1.499204000000000088e-06 -4.520799999999999841e+01
1.499258000000000097e-06 -4.521000000000000085e+01
1.499312000000000105e-06 -4.515599999999999881e+01
1.499366999999999929e-06 -4.506700000000000017e+01
1.499420999999999937e-06 -4.499799999999999756e+01
1.499474999999999946e-06 -4.501700000000000301e+01
1.499528999999999954e-06 -4.509400000000000119e+01
1.499583999999999990e-06 -4.506300000000000239e+01
1.499637999999999998e-06 -4.495799999999999841e+01
1.499692000000000006e-06 -4.490699999999999648e+01
1.499746000000000015e-06 -4.485000000000000142e+01
1.499800000000000023e-06 -4.480899999999999750e+01
1.499855000000000059e-06 -4.485900000000000176e+01
1.499909000000000067e-06 -4.487700000000000244e+01
1.499963000000000075e-06 -4.484100000000000108e+01
1.500017000000000084e-06 -4.479899999999999949e+01
1.500071999999999908e-06 -4.467900000000000205e+01
1.500125999999999916e-06 -4.457000000000000028e+01
1.500179999999999924e-06 -4.456799999999999784e+01
1.500233999999999933e-06 -4.457099999999999795e+01
1.500288999999999969e-06 -4.452100000000000080e+01
1.500342999999999977e-06 -4.448799999999999955e+01
1.500396999999999985e-06 -4.449199999999999733e+01
1.500450999999999994e-06 -4.451599999999999824e+01
1.500506000000000029e-06 -4.457800000000000296e+01
1.500560000000000038e-06 -4.455700000000000216e+01
1.500614000000000046e-06 -4.444500000000000028e+01
1.500669000000000082e-06 -4.439000000000000057e+01
1.500723000000000090e-06 -4.439300000000000068e+01
1.500777000000000098e-06 -4.436500000000000199e+01
1.500830999999999895e-06 -4.427400000000000091e+01
1.500885999999999931e-06 -4.425600000000000023e+01
1.500939999999999939e-06 -4.427900000000000347e+01
1.500993999999999948e-06 -4.427799999999999869e+01
1.501048999999999983e-06 -4.429399999999999693e+01
1.501102999999999992e-06 -4.430599999999999739e+01
1.501157000000000000e-06 -4.428399999999999892e+01
1.501212000000000036e-06 -4.431799999999999784e+01
1.501266000000000044e-06 -4.433100000000000307e+01
1.501320000000000052e-06 -4.425200000000000244e+01
1.501375000000000088e-06 -4.419200000000000017e+01
1.501429000000000097e-06 -4.414399999999999835e+01
1.501483000000000105e-06 -4.410799999999999699e+01
1.501537999999999929e-06 -4.415899999999999892e+01
1.501591999999999937e-06 -4.425300000000000011e+01
1.501645999999999946e-06 -4.425800000000000267e+01
1.501700999999999982e-06 -4.422599999999999909e+01
1.501754999999999990e-06 -4.419200000000000017e+01
1.501808999999999998e-06 -4.409599999999999653e+01
1.501864000000000034e-06 -4.401200000000000045e+01
1.501918000000000042e-06 -4.398400000000000176e+01
1.501972000000000051e-06 -4.392199999999999704e+01
1.502027000000000087e-06 -4.385699999999999932e+01
1.502081000000000095e-06 -4.392000000000000171e+01
1.502135999999999919e-06 -4.397899999999999920e+01
1.502189999999999927e-06 -4.394599999999999795e+01
1.502243999999999936e-06 -4.392199999999999704e+01
1.502298999999999971e-06 -4.388400000000000034e+01
1.502352999999999980e-06 -4.378999999999999915e+01
1.502408000000000016e-06 -4.371399999999999864e+01
1.502462000000000024e-06 -4.368900000000000006e+01
1.502517000000000060e-06 -4.365999999999999659e+01
1.502571000000000068e-06 -4.361599999999999966e+01
1.502625000000000076e-06 -4.356600000000000250e+01
1.502679999999999901e-06 -4.353999999999999915e+01
1.502733999999999909e-06 -4.357399999999999807e+01
1.502788999999999945e-06 -4.362500000000000000e+01
1.502842999999999953e-06 -4.362700000000000244e+01
1.502896999999999961e-06 -4.359300000000000352e+01
1.502951999999999997e-06 -4.351599999999999824e+01
1.503007000000000033e-06 -4.340400000000000347e+01
1.503061000000000041e-06 -4.335999999999999943e+01
1.503115000000000050e-06 -4.340400000000000347e+01
1.503170000000000086e-06 -4.344899999999999807e+01
1.503224000000000094e-06 -4.342799999999999727e+01
1.503278999999999918e-06 -4.336599999999999966e+01
1.503332999999999926e-06 -4.332000000000000028e+01
1.503387999999999962e-06 -4.328799999999999670e+01
1.503441999999999970e-06 -4.322599999999999909e+01
1.503497000000000006e-06 -4.315699999999999648e+01
1.503551000000000015e-06 -4.316499999999999915e+01
1.503606000000000051e-06 -4.321999999999999886e+01
1.503660000000000059e-06 -4.322899999999999920e+01
1.503715000000000095e-06 -4.317499999999999716e+01
1.503769000000000103e-06 -4.310099999999999909e+01
1.503823999999999927e-06 -4.306199999999999761e+01
1.503877999999999935e-06 -4.307900000000000063e+01
1.503932999999999971e-06 -4.307900000000000063e+01
1.503986999999999980e-06 -4.305899999999999750e+01
1.504042000000000016e-06 -4.307200000000000273e+01
1.504096000000000024e-06 -4.308599999999999852e+01
1.504151000000000060e-06 -4.304999999999999716e+01
1.504205000000000068e-06 -4.297599999999999909e+01
1.504260000000000104e-06 -4.295900000000000318e+01
1.504314999999999928e-06 -4.296699999999999875e+01
1.504368999999999936e-06 -4.294100000000000250e+01
1.504423999999999972e-06 -4.291400000000000148e+01
1.504477999999999981e-06 -4.288199999999999790e+01
1.504533000000000016e-06 -4.285799999999999699e+01
1.504587000000000025e-06 -4.284700000000000131e+01
1.504642000000000061e-06 -4.283200000000000074e+01
1.504696000000000069e-06 -4.281199999999999761e+01
1.504751000000000105e-06 -4.275000000000000000e+01
1.504805999999999929e-06 -4.270499999999999829e+01
1.504859999999999937e-06 -4.271000000000000085e+01
1.504914999999999973e-06 -4.268599999999999994e+01
1.504968999999999981e-06 -4.264099999999999824e+01
1.505024000000000017e-06 -4.259799999999999898e+01
1.505079000000000053e-06 -4.254299999999999926e+01
1.505133000000000062e-06 -4.251500000000000057e+01
1.505188000000000097e-06 -4.248899999999999721e+01
1.505242000000000106e-06 -4.242699999999999960e+01
1.505296999999999930e-06 -4.236899999999999977e+01
1.505351999999999966e-06 -4.231300000000000239e+01
1.505405999999999974e-06 -4.228600000000000136e+01
1.505461000000000010e-06 -4.228300000000000125e+01
1.505516000000000046e-06 -4.224900000000000233e+01
1.505570000000000054e-06 -4.218200000000000216e+01
1.505625000000000090e-06 -4.213100000000000023e+01
1.505679999999999914e-06 -4.211699999999999733e+01
1.505733999999999922e-06 -4.211099999999999710e+01
1.505788999999999958e-06 -4.210499999999999687e+01
1.505843999999999994e-06 -4.207500000000000284e+01
1.505898000000000003e-06 -4.202799999999999869e+01
1.505953000000000038e-06 -4.197699999999999676e+01
1.506007000000000047e-06 -4.192900000000000205e+01
1.506062000000000083e-06 -4.190100000000000335e+01
1.506116999999999907e-06 -4.186500000000000199e+01
1.506170999999999915e-06 -4.179800000000000182e+01
1.506225999999999951e-06 -4.175000000000000000e+01
1.506280999999999987e-06 -4.170199999999999818e+01
1.506336000000000023e-06 -4.164399999999999835e+01
1.506390000000000031e-06 -4.161999999999999744e+01
1.506445000000000067e-06 -4.161200000000000188e+01
1.506500000000000103e-06 -4.158700000000000330e+01
1.506553999999999899e-06 -4.156499999999999773e+01
1.506608999999999935e-06 -4.155700000000000216e+01
1.506663999999999971e-06 -4.153600000000000136e+01
1.506719000000000007e-06 -4.153000000000000114e+01
1.506773000000000015e-06 -4.153399999999999892e+01
1.506828000000000051e-06 -4.149099999999999966e+01
1.506883000000000087e-06 -4.142799999999999727e+01
1.506937000000000095e-06 -4.140100000000000335e+01
1.506991999999999920e-06 -4.140699999999999648e+01
1.507046999999999955e-06 -4.141899999999999693e+01
1.507101999999999991e-06 -4.144299999999999784e+01
1.507157000000000027e-06 -4.140200000000000102e+01
1.507211000000000036e-06 -4.129299999999999926e+01
1.507266000000000071e-06 -4.125000000000000000e+01
1.507320999999999896e-06 -4.126599999999999824e+01
1.507375999999999931e-06 -4.125099999999999767e+01
1.507429999999999940e-06 -4.118900000000000006e+01
1.507484999999999976e-06 -4.113499999999999801e+01
1.507540000000000012e-06 -4.110600000000000165e+01
1.507595000000000047e-06 -4.105400000000000205e+01
1.507650000000000083e-06 -4.100399999999999778e+01
1.507704000000000092e-06 -4.100000000000000000e+01
1.507758999999999916e-06 -4.097800000000000153e+01
1.507813999999999952e-06 -4.091899999999999693e+01
1.507868999999999988e-06 -4.088799999999999812e+01
1.507922999999999996e-06 -4.088900000000000290e+01
1.507978000000000032e-06 -4.087500000000000000e+01
1.508033000000000068e-06 -4.083299999999999841e+01
1.508088000000000104e-06 -4.078600000000000136e+01
1.508142999999999928e-06 -4.074799999999999756e+01
1.508197999999999964e-06 -4.071600000000000108e+01
1.508251999999999972e-06 -4.067900000000000205e+01
1.508307000000000008e-06 -4.064200000000000301e+01
1.508362000000000044e-06 -4.061200000000000188e+01
1.508417000000000080e-06 -4.057999999999999829e+01
1.508471999999999904e-06 -4.056799999999999784e+01
1.508526999999999940e-06 -4.055799999999999983e+01
1.508580999999999948e-06 -4.052000000000000313e+01
1.508635999999999984e-06 -4.045799999999999841e+01
1.508691000000000020e-06 -4.040100000000000335e+01
1.508746000000000056e-06 -4.036899999999999977e+01
1.508801000000000091e-06 -4.035699999999999932e+01
1.508855999999999916e-06 -4.032699999999999818e+01
1.508910999999999951e-06 -4.025999999999999801e+01
1.508965999999999987e-06 -4.022500000000000142e+01
1.509021000000000023e-06 -4.021999999999999886e+01
1.509076000000000059e-06 -4.021300000000000097e+01
1.509130000000000067e-06 -4.020400000000000063e+01
1.509185000000000103e-06 -4.017399999999999949e+01
1.509239999999999928e-06 -4.013199999999999790e+01
1.509294999999999963e-06 -4.009300000000000352e+01
1.509349999999999999e-06 -4.003099999999999881e+01
1.509405000000000035e-06 -3.997800000000000153e+01
1.509460000000000071e-06 -3.996800000000000352e+01
1.509514999999999895e-06 -3.997099999999999653e+01
1.509569999999999931e-06 -3.997200000000000131e+01
1.509624999999999967e-06 -3.995000000000000284e+01
1.509680000000000003e-06 -3.991499999999999915e+01
1.509734000000000011e-06 -3.988799999999999812e+01
1.509790000000000075e-06 -3.986999999999999744e+01
1.509844000000000083e-06 -3.985399999999999920e+01
1.509898999999999907e-06 -3.983100000000000307e+01
1.509953999999999943e-06 -3.980400000000000205e+01
1.510008999999999979e-06 -3.975099999999999767e+01
1.510064000000000015e-06 -3.969400000000000261e+01
1.510119000000000051e-06 -3.967799999999999727e+01
1.510174000000000087e-06 -3.969299999999999784e+01
1.510228999999999911e-06 -3.970100000000000051e+01
1.510283999999999947e-06 -3.965999999999999659e+01
1.510338999999999983e-06 -3.960300000000000153e+01
1.510394000000000018e-06 -3.956199999999999761e+01
1.510449000000000054e-06 -3.953600000000000136e+01
1.510504000000000090e-06 -3.950399999999999778e+01
1.510558999999999914e-06 -3.946000000000000085e+01
1.510613999999999950e-06 -3.942099999999999937e+01
1.510668999999999986e-06 -3.937899999999999778e+01
1.510724000000000022e-06 -3.935799999999999699e+01
1.510779000000000058e-06 -3.935999999999999943e+01
1.510834000000000094e-06 -3.934499999999999886e+01
1.510888999999999918e-06 -3.931900000000000261e+01
1.510943999999999954e-06 -3.927400000000000091e+01
1.510998999999999990e-06 -3.920499999999999829e+01
1.511054000000000026e-06 -3.916599999999999682e+01
1.511109000000000062e-06 -3.914699999999999847e+01
1.511164000000000097e-06 -3.909199999999999875e+01
1.511218999999999922e-06 -3.904599999999999937e+01
1.511273999999999958e-06 -3.902900000000000347e+01
1.511330000000000021e-06 -3.900999999999999801e+01
1.511385000000000057e-06 -3.896399999999999864e+01
1.511440000000000093e-06 -3.892799999999999727e+01
1.511494999999999917e-06 -3.891799999999999926e+01
1.511549999999999953e-06 -3.890299999999999869e+01
1.511604999999999989e-06 -3.886299999999999955e+01
1.511660000000000025e-06 -3.881799999999999784e+01
1.511715000000000061e-06 -3.877700000000000102e+01
1.511770000000000096e-06 -3.873899999999999721e+01
1.511824999999999921e-06 -3.871999999999999886e+01
1.511879999999999956e-06 -3.870700000000000074e+01
1.511934999999999992e-06 -3.867699999999999960e+01
1.511991000000000056e-06 -3.865400000000000347e+01
1.512046000000000092e-06 -3.863600000000000279e+01
1.512100999999999916e-06 -3.860399999999999920e+01
1.512155999999999952e-06 -3.857800000000000296e+01
1.512210999999999988e-06 -3.855799999999999983e+01
1.512266000000000024e-06 -3.853699999999999903e+01
1.512321000000000059e-06 -3.851299999999999812e+01
1.512376999999999911e-06 -3.848199999999999932e+01
1.512431999999999947e-06 -3.845300000000000296e+01
1.512486999999999983e-06 -3.843699999999999761e+01
1.512542000000000019e-06 -3.842900000000000205e+01
1.512597000000000055e-06 -3.841799999999999926e+01
1.512652000000000091e-06 -3.838300000000000267e+01
1.512706999999999915e-06 -3.833200000000000074e+01
1.512762999999999978e-06 -3.829899999999999949e+01
1.512818000000000014e-06 -3.829800000000000182e+01
1.512873000000000050e-06 -3.830100000000000193e+01
1.512928000000000086e-06 -3.825300000000000011e+01
1.512982999999999910e-06 -3.817399999999999949e+01
1.513037999999999946e-06 -3.813000000000000256e+01
1.513094000000000010e-06 -3.812500000000000000e+01
1.513149000000000045e-06 -3.811099999999999710e+01
1.513204000000000081e-06 -3.806799999999999784e+01
1.513258999999999905e-06 -3.800900000000000034e+01
1.513313999999999941e-06 -3.795600000000000307e+01
1.513370000000000005e-06 -3.793299999999999983e+01
1.513425000000000041e-06 -3.790400000000000347e+01
1.513480000000000077e-06 -3.784199999999999875e+01
1.513534999999999901e-06 -3.778600000000000136e+01
1.513589999999999937e-06 -3.774699999999999989e+01
1.513646000000000000e-06 -3.772500000000000142e+01
1.513701000000000036e-06 -3.769500000000000028e+01
1.513756000000000072e-06 -3.764399999999999835e+01
1.513810999999999896e-06 -3.761299999999999955e+01
1.513866999999999960e-06 -3.758700000000000330e+01
1.513921999999999996e-06 -3.756700000000000017e+01
1.513977000000000031e-06 -3.756199999999999761e+01
1.514032000000000067e-06 -3.753799999999999670e+01
1.514087999999999919e-06 -3.750900000000000034e+01
1.514142999999999955e-06 -3.749099999999999966e+01
1.514197999999999991e-06 -3.748299999999999699e+01
1.514254000000000054e-06 -3.747699999999999676e+01
1.514309000000000090e-06 -3.745400000000000063e+01
1.514363999999999914e-06 -3.741899999999999693e+01
1.514418999999999950e-06 -3.738600000000000279e+01
1.514475000000000014e-06 -3.736800000000000210e+01
1.514530000000000050e-06 -3.736399999999999721e+01
1.514585000000000086e-06 -3.735699999999999932e+01
1.514639999999999910e-06 -3.732900000000000063e+01
1.514695999999999973e-06 -3.729399999999999693e+01
1.514751000000000009e-06 -3.728499999999999659e+01
1.514806000000000045e-06 -3.727600000000000335e+01
1.514861999999999897e-06 -3.724300000000000210e+01
1.514916999999999933e-06 -3.718999999999999773e+01
1.514971999999999969e-06 -3.714900000000000091e+01
1.515028000000000032e-06 -3.713199999999999790e+01
1.515083000000000068e-06 -3.712800000000000011e+01
1.515138000000000104e-06 -3.710300000000000153e+01
1.515193999999999956e-06 -3.704500000000000171e+01
1.515248999999999991e-06 -3.698499999999999943e+01
1.515304000000000027e-06 -3.696000000000000085e+01
1.515360000000000091e-06 -3.697399999999999665e+01
1.515414999999999915e-06 -3.697699999999999676e+01
1.515469999999999951e-06 -3.692499999999999716e+01
1.515526000000000014e-06 -3.685900000000000176e+01
1.515581000000000050e-06 -3.683400000000000318e+01
1.515636000000000086e-06 -3.685699999999999932e+01
1.515691999999999938e-06 -3.686500000000000199e+01
1.515746999999999974e-06 -3.680599999999999739e+01
1.515803000000000037e-06 -3.673799999999999955e+01
1.515858000000000073e-06 -3.672099999999999653e+01
1.515912999999999897e-06 -3.672899999999999920e+01
1.515968999999999961e-06 -3.672599999999999909e+01
1.516023999999999997e-06 -3.669100000000000250e+01
1.516080000000000060e-06 -3.663499999999999801e+01
1.516135000000000096e-06 -3.659899999999999665e+01
1.516190999999999948e-06 -3.659300000000000352e+01
1.516245999999999984e-06 -3.658400000000000318e+01
1.516301000000000020e-06 -3.654899999999999949e+01
1.516357000000000083e-06 -3.648799999999999955e+01
1.516411999999999907e-06 -3.644200000000000017e+01
1.516467999999999971e-06 -3.643800000000000239e+01
1.516523000000000007e-06 -3.644599999999999795e+01
1.516579000000000070e-06 -3.642499999999999716e+01
1.516633999999999894e-06 -3.637400000000000233e+01
1.516688999999999930e-06 -3.631799999999999784e+01
1.516744999999999994e-06 -3.628799999999999670e+01
1.516800000000000030e-06 -3.628699999999999903e+01
1.516856000000000093e-06 -3.627400000000000091e+01
1.516910999999999917e-06 -3.624199999999999733e+01
1.516966999999999981e-06 -3.621300000000000097e+01
1.517022000000000017e-06 -3.617600000000000193e+01
1.517078000000000080e-06 -3.614800000000000324e+01
1.517132999999999904e-06 -3.615400000000000347e+01
1.517188999999999968e-06 -3.615699999999999648e+01
1.517244000000000004e-06 -3.613400000000000034e+01
1.517300000000000067e-06 -3.609799999999999898e+01
1.517355000000000103e-06 -3.607399999999999807e+01
1.517410999999999955e-06 -3.607099999999999795e+01
1.517465999999999991e-06 -3.607500000000000284e+01
1.517522000000000054e-06 -3.607200000000000273e+01
1.517577000000000090e-06 -3.604500000000000171e+01
1.517632999999999942e-06 -3.601500000000000057e+01
1.517687999999999978e-06 -3.600999999999999801e+01
1.517744000000000041e-06 -3.601500000000000057e+01
1.517799000000000077e-06 -3.601100000000000279e+01
1.517854999999999929e-06 -3.599199999999999733e+01
1.517909999999999965e-06 -3.595600000000000307e+01
1.517966000000000028e-06 -3.592099999999999937e+01
1.518021000000000064e-06 -3.590800000000000125e+01
1.518076999999999916e-06 -3.590500000000000114e+01
1.518131999999999952e-06 -3.588600000000000279e+01
1.518188000000000015e-06 -3.584300000000000352e+01
1.518244000000000079e-06 -3.578399999999999892e+01
1.518298999999999903e-06 -3.573899999999999721e+01
1.518354999999999966e-06 -3.573899999999999721e+01
1.518410000000000002e-06 -3.574900000000000233e+01
1.518466000000000066e-06 -3.571999999999999886e+01
1.518521999999999918e-06 -3.565200000000000102e+01
1.518576999999999953e-06 -3.558800000000000097e+01
1.518633000000000017e-06 -3.558400000000000318e+01
1.518688000000000053e-06 -3.562400000000000233e+01
1.518743999999999905e-06 -3.563100000000000023e+01
1.518799999999999968e-06 -3.557999999999999829e+01
1.518855000000000004e-06 -3.551800000000000068e+01
1.518911000000000068e-06 -3.549799999999999756e+01
1.518966000000000103e-06 -3.551899999999999835e+01
1.519021999999999955e-06 -3.552499999999999858e+01
1.519078000000000019e-06 -3.548899999999999721e+01
1.519133000000000055e-06 -3.543999999999999773e+01
1.519188999999999906e-06 -3.541899999999999693e+01
1.519244999999999970e-06 -3.543999999999999773e+01
1.519300000000000006e-06 -3.544800000000000040e+01
1.519356000000000069e-06 -3.540699999999999648e+01
1.519411000000000105e-06 -3.535999999999999943e+01
1.519466999999999957e-06 -3.534300000000000352e+01
1.519523000000000020e-06 -3.534700000000000131e+01
1.519578000000000056e-06 -3.533200000000000074e+01
1.519633999999999908e-06 -3.529299999999999926e+01
1.519689999999999971e-06 -3.526700000000000301e+01
1.519745000000000007e-06 -3.526400000000000290e+01
1.519801000000000071e-06 -3.525800000000000267e+01
1.519856999999999923e-06 -3.523199999999999932e+01
1.519912999999999986e-06 -3.520600000000000307e+01
1.519968000000000022e-06 -3.519400000000000261e+01
1.520024000000000085e-06 -3.518699999999999761e+01
1.520079999999999937e-06 -3.517300000000000182e+01
1.520134999999999973e-06 -3.515400000000000347e+01
1.520191000000000037e-06 -3.514200000000000301e+01
1.520247000000000100e-06 -3.513400000000000034e+01
1.520301999999999924e-06 -3.512199999999999989e+01
1.520357999999999988e-06 -3.510699999999999932e+01
1.520414000000000051e-06 -3.509499999999999886e+01
1.520469999999999903e-06 -3.508500000000000085e+01
1.520524999999999939e-06 -3.507000000000000028e+01
1.520581000000000002e-06 -3.505400000000000205e+01
1.520637000000000066e-06 -3.502600000000000335e+01
1.520692000000000102e-06 -3.500000000000000000e+01
1.520747999999999954e-06 -3.500900000000000034e+01
1.520804000000000017e-06 -3.502900000000000347e+01
1.520860000000000081e-06 -3.501299999999999812e+01
1.520914999999999905e-06 -3.496000000000000085e+01
1.520970999999999968e-06 -3.492600000000000193e+01
1.521027000000000032e-06 -3.494599999999999795e+01
1.521083000000000095e-06 -3.498299999999999699e+01
1.521138999999999947e-06 -3.497500000000000142e+01
1.521193999999999983e-06 -3.491799999999999926e+01
1.521250000000000046e-06 -3.486299999999999955e+01
1.521305999999999898e-06 -3.486399999999999721e+01
1.521361999999999962e-06 -3.489900000000000091e+01
1.521418000000000025e-06 -3.490100000000000335e+01
1.521473000000000061e-06 -3.484700000000000131e+01
1.521528999999999913e-06 -3.478999999999999915e+01
1.521584999999999976e-06 -3.477900000000000347e+01
1.521641000000000040e-06 -3.479899999999999949e+01
1.521697000000000103e-06 -3.479200000000000159e+01
1.521751999999999927e-06 -3.474799999999999756e+01
1.521807999999999991e-06 -3.471200000000000330e+01
1.521864000000000054e-06 -3.470799999999999841e+01
1.521919999999999906e-06 -3.470600000000000307e+01
1.521975999999999970e-06 -3.468399999999999750e+01
1.522032000000000033e-06 -3.465599999999999881e+01
1.522087000000000069e-06 -3.466299999999999670e+01
1.522142999999999921e-06 -3.468200000000000216e+01
1.522198999999999984e-06 -3.467000000000000171e+01
1.522255000000000048e-06 -3.462500000000000000e+01
1.522310999999999899e-06 -3.459300000000000352e+01
1.522366999999999963e-06 -3.460799999999999699e+01
1.522423000000000026e-06 -3.465200000000000102e+01
1.522478000000000062e-06 -3.465899999999999892e+01
1.522533999999999914e-06 -3.460900000000000176e+01
1.522589999999999978e-06 -3.456199999999999761e+01
1.522646000000000041e-06 -3.456600000000000250e+01
1.522702000000000105e-06 -3.460000000000000142e+01
1.522757999999999956e-06 -3.460499999999999687e+01
1.522814000000000020e-06 -3.456099999999999994e+01
1.522870000000000083e-06 -3.451899999999999835e+01
1.522925999999999935e-06 -3.452799999999999869e+01
1.522981999999999999e-06 -3.456300000000000239e+01
1.523037000000000034e-06 -3.456700000000000017e+01
1.523093000000000098e-06 -3.452400000000000091e+01
1.523148999999999950e-06 -3.446999999999999886e+01
1.523205000000000013e-06 -3.446900000000000119e+01
1.523261000000000077e-06 -3.452100000000000080e+01
1.523316999999999928e-06 -3.455499999999999972e+01
1.523372999999999992e-06 -3.452199999999999847e+01
1.523429000000000055e-06 -3.445900000000000318e+01
1.523484999999999907e-06 -3.444200000000000017e+01
1.523540999999999971e-06 -3.448499999999999943e+01
1.523597000000000034e-06 -3.452300000000000324e+01
1.523653000000000098e-06 -3.450200000000000244e+01
1.523708999999999949e-06 -3.445100000000000051e+01
1.523765000000000013e-06 -3.443500000000000227e+01
1.523821000000000076e-06 -3.445700000000000074e+01
1.523876999999999928e-06 -3.447200000000000131e+01
1.523932999999999992e-06 -3.445300000000000296e+01
1.523989000000000055e-06 -3.442000000000000171e+01
1.524044999999999907e-06 -3.441400000000000148e+01
1.524100999999999970e-06 -3.442600000000000193e+01
1.524156000000000006e-06 -3.441899999999999693e+01
1.524213000000000097e-06 -3.438900000000000290e+01
1.524268999999999949e-06 -3.436299999999999955e+01
1.524325000000000013e-06 -3.436599999999999966e+01
1.524381000000000076e-06 -3.436999999999999744e+01
1.524436999999999928e-06 -3.434499999999999886e+01
1.524492999999999991e-06 -3.430400000000000205e+01
1.524549000000000055e-06 -3.427199999999999847e+01
1.524604999999999907e-06 -3.426700000000000301e+01
1.524660999999999970e-06 -3.428000000000000114e+01
1.524717000000000034e-06 -3.427400000000000091e+01
1.524773000000000097e-06 -3.422699999999999676e+01
1.524828999999999949e-06 -3.416899999999999693e+01
1.524885000000000012e-06 -3.415400000000000347e+01
1.524941000000000076e-06 -3.417699999999999960e+01
1.524996999999999928e-06 -3.419500000000000028e+01
1.525052999999999991e-06 -3.417099999999999937e+01
1.525109000000000055e-06 -3.411500000000000199e+01
1.525164999999999906e-06 -3.408599999999999852e+01
1.525220999999999970e-06 -3.410799999999999699e+01
1.525277000000000033e-06 -3.414699999999999847e+01
1.525333999999999913e-06 -3.415200000000000102e+01
1.525389999999999976e-06 -3.412100000000000222e+01
1.525446000000000040e-06 -3.410099999999999909e+01
1.525502000000000103e-06 -3.410199999999999676e+01
1.525557999999999955e-06 -3.415500000000000114e+01
1.525614000000000018e-06 -3.418299999999999983e+01
1.525670000000000082e-06 -3.416199999999999903e+01
1.525725999999999934e-06 -3.411699999999999733e+01
1.525781999999999997e-06 -3.410199999999999676e+01
1.525838000000000061e-06 -3.412899999999999778e+01
1.525894999999999940e-06 -3.415400000000000347e+01
1.525951000000000003e-06 -3.413199999999999790e+01
1.526007000000000067e-06 -3.408800000000000097e+01
1.526062999999999919e-06 -3.407399999999999807e+01
1.526118999999999982e-06 -3.409499999999999886e+01
1.526175000000000046e-06 -3.411800000000000210e+01
1.526230999999999897e-06 -3.410600000000000165e+01
1.526287999999999989e-06 -3.406799999999999784e+01
1.526344000000000052e-06 -3.404800000000000182e+01
1.526399999999999904e-06 -3.406300000000000239e+01
1.526455999999999967e-06 -3.409300000000000352e+01
1.526512000000000031e-06 -3.410399999999999920e+01
1.526568000000000094e-06 -3.407699999999999818e+01
1.526623999999999946e-06 -3.403699999999999903e+01
1.526681000000000037e-06 -3.402799999999999869e+01
1.526737000000000101e-06 -3.406600000000000250e+01
1.526792999999999952e-06 -3.411599999999999966e+01
1.526849000000000016e-06 -3.410699999999999932e+01
1.526905999999999895e-06 -3.403099999999999881e+01
1.526961999999999959e-06 -3.396999999999999886e+01
1.527018000000000022e-06 -3.399000000000000199e+01
1.527074000000000086e-06 -3.405499999999999972e+01
1.527129999999999937e-06 -3.406499999999999773e+01
1.527187000000000029e-06 -3.398400000000000176e+01
1.527243000000000092e-06 -3.389699999999999847e+01
1.527298999999999944e-06 -3.389900000000000091e+01
1.527355000000000007e-06 -3.396099999999999852e+01
1.527411000000000071e-06 -3.398100000000000165e+01
1.527467999999999950e-06 -3.391400000000000148e+01
1.527524000000000014e-06 -3.383899999999999864e+01
1.527580000000000077e-06 -3.384499999999999886e+01
1.527636999999999957e-06 -3.389900000000000091e+01
1.527693000000000020e-06 -3.390500000000000114e+01
1.527749000000000084e-06 -3.384199999999999875e+01
1.527804999999999935e-06 -3.377799999999999869e+01
1.527862000000000026e-06 -3.378000000000000114e+01
1.527918000000000090e-06 -3.382900000000000063e+01
1.527973999999999942e-06 -3.384899999999999665e+01
1.528030000000000005e-06 -3.379500000000000171e+01
1.528087000000000096e-06 -3.371699999999999875e+01
1.528142999999999948e-06 -3.369599999999999795e+01
1.528199000000000011e-06 -3.374699999999999989e+01
1.528255000000000075e-06 -3.379099999999999682e+01
1.528311999999999954e-06 -3.375500000000000256e+01
1.528368000000000018e-06 -3.368500000000000227e+01
1.528424000000000081e-06 -3.366199999999999903e+01
1.528480999999999961e-06 -3.368599999999999994e+01
1.528537000000000024e-06 -3.370499999999999829e+01
1.528593000000000088e-06 -3.369299999999999784e+01
1.528649999999999967e-06 -3.368200000000000216e+01
1.528706000000000030e-06 -3.369299999999999784e+01
1.528762000000000094e-06 -3.370700000000000074e+01
1.528818999999999973e-06 -3.370499999999999829e+01
1.528875000000000037e-06 -3.369100000000000250e+01
1.528931000000000100e-06 -3.369400000000000261e+01
1.528987999999999980e-06 -3.372299999999999898e+01
1.529044000000000043e-06 -3.374399999999999977e+01
1.529100999999999923e-06 -3.372699999999999676e+01
1.529156999999999986e-06 -3.369500000000000028e+01
1.529213000000000050e-06 -3.368800000000000239e+01
1.529269999999999929e-06 -3.371300000000000097e+01
1.529325999999999992e-06 -3.372399999999999665e+01
1.529382000000000056e-06 -3.369100000000000250e+01
1.529438999999999935e-06 -3.365500000000000114e+01
1.529494999999999999e-06 -3.366100000000000136e+01
1.529551000000000062e-06 -3.367999999999999972e+01
1.529607999999999942e-06 -3.366199999999999903e+01
1.529664000000000005e-06 -3.363100000000000023e+01
1.529721000000000096e-06 -3.363499999999999801e+01
1.529776999999999948e-06 -3.365299999999999869e+01
1.529834000000000039e-06 -3.365200000000000102e+01
1.529890000000000102e-06 -3.362700000000000244e+01
1.529945999999999954e-06 -3.360699999999999932e+01
1.530003000000000045e-06 -3.361599999999999966e+01
1.530058999999999897e-06 -3.363300000000000267e+01
1.530115999999999988e-06 -3.362700000000000244e+01
1.530172000000000052e-06 -3.360199999999999676e+01
1.530228999999999931e-06 -3.359100000000000108e+01
1.530284999999999995e-06 -3.360099999999999909e+01
1.530341000000000058e-06 -3.360499999999999687e+01
1.530397999999999937e-06 -3.358200000000000074e+01
1.530454000000000001e-06 -3.354500000000000171e+01
1.530511000000000092e-06 -3.353000000000000114e+01
1.530566999999999944e-06 -3.354399999999999693e+01
1.530624000000000035e-06 -3.354099999999999682e+01
1.530680000000000098e-06 -3.350600000000000023e+01
1.530736999999999978e-06 -3.347899999999999920e+01
1.530793000000000041e-06 -3.348599999999999710e+01
1.530849999999999921e-06 -3.349000000000000199e+01
1.530905999999999984e-06 -3.345199999999999818e+01
1.530963000000000075e-06 -3.341899999999999693e+01
1.531018999999999927e-06 -3.343299999999999983e+01
1.531076000000000018e-06 -3.345100000000000051e+01
1.531132000000000081e-06 -3.342699999999999960e+01
1.531188999999999961e-06 -3.338300000000000267e+01
1.531245000000000024e-06 -3.338300000000000267e+01
1.531301999999999904e-06 -3.342399999999999949e+01
1.531357999999999967e-06 -3.343200000000000216e+01
1.531415000000000058e-06 -3.338300000000000267e+01
1.531470999999999910e-06 -3.333299999999999841e+01
1.531528000000000001e-06 -3.335099999999999909e+01
1.531585000000000092e-06 -3.340800000000000125e+01
1.531640999999999944e-06 -3.340999999999999659e+01
1.531698000000000035e-06 -3.334100000000000108e+01
1.531754000000000099e-06 -3.328199999999999648e+01
1.531810999999999978e-06 -3.330899999999999750e+01
1.531867000000000041e-06 -3.338600000000000279e+01
1.531923999999999921e-06 -3.339800000000000324e+01
1.531979999999999984e-06 -3.332600000000000051e+01
1.532037000000000075e-06 -3.326800000000000068e+01
1.532093999999999955e-06 -3.329200000000000159e+01
1.532150000000000018e-06 -3.336200000000000188e+01
1.532206999999999898e-06 -3.339000000000000057e+01
1.532262999999999961e-06 -3.335199999999999676e+01
1.532320000000000052e-06 -3.330499999999999972e+01
1.532375999999999904e-06 -3.329800000000000182e+01
1.532432999999999995e-06 -3.333400000000000318e+01
1.532490000000000086e-06 -3.337500000000000000e+01
1.532545999999999938e-06 -3.338300000000000267e+01
1.532603000000000029e-06 -3.334899999999999665e+01
1.532659999999999908e-06 -3.330799999999999983e+01
1.532715999999999972e-06 -3.329599999999999937e+01
1.532773000000000063e-06 -3.332300000000000040e+01
1.532829999999999942e-06 -3.333700000000000330e+01
1.532886000000000006e-06 -3.332000000000000028e+01
1.532943000000000097e-06 -3.326700000000000301e+01
1.532998999999999949e-06 -3.322800000000000153e+01
1.533056000000000040e-06 -3.323400000000000176e+01
1.533112999999999919e-06 -3.326299999999999812e+01
1.533168999999999983e-06 -3.327199999999999847e+01
1.533226000000000074e-06 -3.323299999999999699e+01
1.533282999999999953e-06 -3.318200000000000216e+01
1.533340000000000044e-06 -3.317600000000000193e+01
1.533395999999999896e-06 -3.321099999999999852e+01
1.533452999999999987e-06 -3.322699999999999676e+01
1.533509000000000050e-06 -3.319299999999999784e+01
1.533565999999999930e-06 -3.314399999999999835e+01
1.533623000000000021e-06 -3.313300000000000267e+01
1.533679999999999900e-06 -3.315800000000000125e+01
1.533735999999999964e-06 -3.317099999999999937e+01
1.533793000000000055e-06 -3.314600000000000080e+01
1.533849999999999934e-06 -3.310600000000000165e+01
1.533905999999999998e-06 -3.309599999999999653e+01
1.533963000000000089e-06 -3.311200000000000188e+01
1.534019999999999968e-06 -3.311699999999999733e+01
1.534077000000000059e-06 -3.310600000000000165e+01
1.534132999999999911e-06 -3.309799999999999898e+01
1.534190000000000002e-06 -3.308700000000000330e+01
1.534247000000000093e-06 -3.306499999999999773e+01
1.534303999999999972e-06 -3.305299999999999727e+01
1.534360000000000036e-06 -3.306900000000000261e+01
1.534416999999999915e-06 -3.309700000000000131e+01
1.534474000000000006e-06 -3.309599999999999653e+01
1.534531000000000098e-06 -3.306199999999999761e+01
1.534586999999999949e-06 -3.303999999999999915e+01
1.534644000000000040e-06 -3.306099999999999994e+01
1.534700999999999920e-06 -3.310600000000000165e+01
1.534758000000000011e-06 -3.312199999999999989e+01
1.534814000000000074e-06 -3.307699999999999818e+01
1.534870999999999954e-06 -3.302300000000000324e+01
1.534928000000000045e-06 -3.303900000000000148e+01
1.534984999999999924e-06 -3.311299999999999955e+01
1.535042000000000015e-06 -3.313600000000000279e+01
1.535098000000000079e-06 -3.307000000000000028e+01
1.535154999999999958e-06 -3.301599999999999824e+01
1.535212000000000049e-06 -3.306099999999999994e+01
1.535268999999999929e-06 -3.315599999999999881e+01
1.535326000000000020e-06 -3.318500000000000227e+01
1.535382000000000083e-06 -3.311899999999999977e+01
1.535438999999999962e-06 -3.306799999999999784e+01
1.535496000000000054e-06 -3.310699999999999932e+01
1.535552999999999933e-06 -3.317600000000000193e+01
1.535610000000000024e-06 -3.318500000000000227e+01
1.535666999999999903e-06 -3.313300000000000267e+01
1.535722999999999967e-06 -3.310300000000000153e+01
1.535780000000000058e-06 -3.313900000000000290e+01
1.535836999999999937e-06 -3.318699999999999761e+01
1.535894000000000028e-06 -3.317399999999999949e+01
1.535950999999999908e-06 -3.312700000000000244e+01
1.536007999999999999e-06 -3.311999999999999744e+01
1.536065000000000090e-06 -3.315899999999999892e+01
1.536121999999999969e-06 -3.317300000000000182e+01
1.536179000000000060e-06 -3.312500000000000000e+01
1.536234999999999912e-06 -3.307399999999999807e+01
1.536292000000000003e-06 -3.308800000000000097e+01
1.536349000000000094e-06 -3.312299999999999756e+01
1.536405999999999974e-06 -3.311099999999999710e+01
1.536463000000000065e-06 -3.304800000000000182e+01
1.536519999999999944e-06 -3.301700000000000301e+01
1.536577000000000035e-06 -3.306199999999999761e+01
1.536633999999999915e-06 -3.312899999999999778e+01
1.536691000000000006e-06 -3.312299999999999756e+01
1.536748000000000097e-06 -3.305799999999999983e+01
1.536803999999999949e-06 -3.303099999999999881e+01
1.536861000000000040e-06 -3.309000000000000341e+01
1.536917999999999919e-06 -3.316199999999999903e+01
1.536975000000000010e-06 -3.313700000000000045e+01
1.537032000000000101e-06 -3.305199999999999960e+01
1.537088999999999981e-06 -3.304699999999999704e+01
1.537146000000000072e-06 -3.314999999999999858e+01
1.537202999999999951e-06 -3.322500000000000142e+01
1.537260000000000042e-06 -3.316799999999999926e+01
1.537316999999999921e-06 -3.308899999999999864e+01
1.537374000000000013e-06 -3.313000000000000256e+01
1.537431000000000104e-06 -3.325099999999999767e+01
1.537487999999999983e-06 -3.330100000000000193e+01
1.537545000000000074e-06 -3.322899999999999920e+01
1.537601999999999953e-06 -3.315400000000000347e+01
1.537659000000000045e-06 -3.318500000000000227e+01
1.537715999999999924e-06 -3.327400000000000091e+01
1.537773000000000015e-06 -3.331400000000000006e+01
1.537829999999999894e-06 -3.328900000000000148e+01
1.537886999999999985e-06 -3.327900000000000347e+01
1.537944000000000077e-06 -3.331799999999999784e+01
1.538000999999999956e-06 -3.334499999999999886e+01
1.538058000000000047e-06 -3.333299999999999841e+01
1.538114999999999926e-06 -3.334899999999999665e+01
1.538172000000000017e-06 -3.342300000000000182e+01
1.538228999999999897e-06 -3.347500000000000142e+01
1.538285999999999988e-06 -3.342199999999999704e+01
1.538343000000000079e-06 -3.334199999999999875e+01
1.538399999999999958e-06 -3.337700000000000244e+01
1.538457000000000049e-06 -3.349399999999999977e+01
1.538513999999999929e-06 -3.353999999999999915e+01
1.538571000000000020e-06 -3.346500000000000341e+01
1.538627999999999899e-06 -3.340299999999999869e+01
1.538686000000000018e-06 -3.346699999999999875e+01
1.538742999999999897e-06 -3.358400000000000318e+01
1.538799999999999988e-06 -3.360999999999999943e+01
1.538857000000000079e-06 -3.352600000000000335e+01
1.538913999999999959e-06 -3.346300000000000097e+01
1.538971000000000050e-06 -3.350999999999999801e+01
1.539027999999999929e-06 -3.359300000000000352e+01
1.539085000000000020e-06 -3.359799999999999898e+01
1.539141999999999900e-06 -3.353600000000000136e+01
1.539198999999999991e-06 -3.350300000000000011e+01
1.539256000000000082e-06 -3.353000000000000114e+01
1.539313999999999989e-06 -3.356900000000000261e+01
1.539371000000000080e-06 -3.357300000000000040e+01
1.539427999999999959e-06 -3.355599999999999739e+01
1.539485000000000050e-06 -3.355599999999999739e+01
1.539541999999999930e-06 -3.358400000000000318e+01
1.539599000000000021e-06 -3.360600000000000165e+01
1.539655999999999900e-06 -3.359300000000000352e+01
1.539712999999999991e-06 -3.356499999999999773e+01
1.539770999999999898e-06 -3.356600000000000250e+01
1.539827999999999989e-06 -3.360900000000000176e+01
1.539885000000000080e-06 -3.365999999999999659e+01
1.539941999999999960e-06 -3.368999999999999773e+01
1.539999000000000051e-06 -3.368699999999999761e+01
1.540055999999999930e-06 -3.368200000000000216e+01
1.540114000000000049e-06 -3.368399999999999750e+01
1.540170999999999928e-06 -3.372800000000000153e+01
1.540228000000000019e-06 -3.380400000000000205e+01
1.540284999999999899e-06 -3.385300000000000153e+01
1.540341999999999990e-06 -3.383100000000000307e+01
1.540399999999999897e-06 -3.377799999999999869e+01
1.540456999999999988e-06 -3.376400000000000290e+01
1.540514000000000079e-06 -3.381900000000000261e+01
1.540570999999999958e-06 -3.389300000000000068e+01
1.540629000000000077e-06 -3.391400000000000148e+01
1.540685999999999956e-06 -3.388000000000000256e+01
1.540743000000000048e-06 -3.384799999999999898e+01
1.540799999999999927e-06 -3.386599999999999966e+01
1.540857000000000018e-06 -3.391700000000000159e+01
1.540914999999999925e-06 -3.393699999999999761e+01
1.540972000000000016e-06 -3.393399999999999750e+01
1.541028999999999895e-06 -3.394800000000000040e+01
1.541085999999999986e-06 -3.398299999999999699e+01
1.541144000000000105e-06 -3.401599999999999824e+01
1.541200999999999985e-06 -3.400800000000000267e+01
1.541258000000000076e-06 -3.400000000000000000e+01
1.541314999999999955e-06 -3.406700000000000017e+01
1.541373000000000074e-06 -3.417699999999999960e+01
1.541429999999999953e-06 -3.422999999999999687e+01
1.541487000000000044e-06 -3.418699999999999761e+01
1.541543999999999923e-06 -3.414300000000000068e+01
1.541602000000000042e-06 -3.420799999999999841e+01
1.541658999999999922e-06 -3.432200000000000273e+01
1.541716000000000013e-06 -3.432999999999999829e+01
1.541773999999999920e-06 -3.422899999999999920e+01
1.541831000000000011e-06 -3.418299999999999983e+01
1.541888000000000102e-06 -3.426599999999999824e+01
1.541946000000000009e-06 -3.434400000000000119e+01
1.542003000000000100e-06 -3.430499999999999972e+01
1.542059999999999979e-06 -3.420000000000000284e+01
1.542118000000000098e-06 -3.414000000000000057e+01
1.542174999999999977e-06 -3.416299999999999670e+01
1.542232000000000068e-06 -3.420100000000000051e+01
1.542289999999999975e-06 -3.415899999999999892e+01
1.542347000000000066e-06 -3.405499999999999972e+01
1.542403999999999946e-06 -3.400000000000000000e+01
1.542462000000000064e-06 -3.404899999999999949e+01
1.542518999999999944e-06 -3.411899999999999977e+01
1.542576000000000035e-06 -3.412500000000000000e+01
1.542633999999999942e-06 -3.409400000000000119e+01
1.542691000000000033e-06 -3.411099999999999710e+01
1.542747999999999912e-06 -3.419700000000000273e+01
1.542806000000000031e-06 -3.430799999999999983e+01
1.542862999999999910e-06 -3.446000000000000085e+01
1.542920000000000001e-06 -3.464500000000000313e+01
1.542977999999999908e-06 -3.475200000000000244e+01
1.543035000000000000e-06 -3.478300000000000125e+01
1.543092999999999906e-06 -3.486599999999999966e+01
1.543149999999999998e-06 -3.507200000000000273e+01
1.543207999999999905e-06 -3.535099999999999909e+01
1.543264999999999996e-06 -3.556199999999999761e+01
1.543322000000000087e-06 -3.568800000000000239e+01
1.543379999999999994e-06 -3.583899999999999864e+01
1.543437000000000085e-06 -3.599600000000000222e+01
1.543494999999999992e-06 -3.610699999999999932e+01
1.543552000000000083e-06 -3.616599999999999682e+01
1.543609999999999990e-06 -3.614200000000000301e+01
1.543667000000000081e-06 -3.608100000000000307e+01
1.543723999999999960e-06 -3.605599999999999739e+01
1.543782000000000079e-06 -3.593800000000000239e+01
1.543838999999999958e-06 -3.558599999999999852e+01
1.543897000000000077e-06 -3.510699999999999932e+01
1.543953999999999956e-06 -3.470799999999999841e+01
1.544012000000000075e-06 -3.443099999999999739e+01
1.544068999999999954e-06 -3.410600000000000165e+01
1.544127000000000073e-06 -3.366400000000000148e+01
1.544183999999999952e-06 -3.333899999999999864e+01
1.544242000000000071e-06 -3.334799999999999898e+01
1.544298999999999950e-06 -3.367999999999999972e+01
1.544356000000000042e-06 -3.423299999999999699e+01
1.544413999999999949e-06 -3.496300000000000097e+01
1.544472000000000067e-06 -3.587800000000000011e+01
1.544528999999999947e-06 -3.698400000000000176e+01
1.544587000000000065e-06 -3.821200000000000330e+01
1.544643999999999945e-06 -3.937500000000000000e+01
1.544702000000000063e-06 -4.031499999999999773e+01
1.544758999999999943e-06 -4.112800000000000011e+01
1.544817000000000061e-06 -4.201700000000000301e+01
1.544873999999999941e-06 -4.293599999999999994e+01
1.544932000000000059e-06 -4.371600000000000108e+01
1.544988999999999939e-06 -4.435799999999999699e+01
1.545047000000000057e-06 -4.497099999999999653e+01
1.545103999999999937e-06 -4.558599999999999852e+01
1.545162000000000056e-06 -4.610399999999999920e+01
1.545218999999999935e-06 -4.650099999999999767e+01
1.545277000000000054e-06 -4.688799999999999812e+01
1.545334999999999961e-06 -4.730400000000000205e+01
1.545392000000000052e-06 -4.764200000000000301e+01
1.545449999999999959e-06 -4.798799999999999955e+01
1.545507000000000050e-06 -4.843299999999999983e+01
1.545564999999999957e-06 -4.875200000000000244e+01
1.545622000000000048e-06 -4.896699999999999875e+01
1.545679999999999955e-06 -4.914600000000000080e+01
1.545738000000000073e-06 -4.934100000000000108e+01
1.545794999999999953e-06 -4.956600000000000250e+01
1.545853000000000071e-06 -4.969400000000000261e+01
1.545909999999999951e-06 -4.980199999999999960e+01
1.545968000000000070e-06 -5.001100000000000279e+01
1.546025999999999976e-06 -5.000999999999999801e+01
1.546083000000000068e-06 -4.965599999999999881e+01
1.546140999999999975e-06 -4.949199999999999733e+01
1.546199000000000093e-06 -4.967900000000000205e+01
1.546255999999999973e-06 -4.981000000000000227e+01
1.546314000000000091e-06 -4.963499999999999801e+01
1.546370999999999971e-06 -4.932800000000000296e+01
1.546429000000000089e-06 -4.922200000000000131e+01
1.546486999999999996e-06 -4.933400000000000318e+01
1.546544000000000087e-06 -4.917699999999999960e+01
1.546601999999999994e-06 -4.877700000000000102e+01
1.546659999999999901e-06 -4.850699999999999790e+01
1.546716999999999992e-06 -4.837100000000000222e+01
1.546774999999999899e-06 -4.818599999999999994e+01
1.546833000000000018e-06 -4.782000000000000028e+01
1.546889999999999897e-06 -4.722099999999999653e+01
1.546948000000000016e-06 -4.668299999999999983e+01
1.547005999999999923e-06 -4.645600000000000307e+01
1.547063000000000014e-06 -4.623299999999999699e+01
1.547120999999999921e-06 -4.580299999999999727e+01
1.547179000000000040e-06 -4.529999999999999716e+01
1.547236999999999947e-06 -4.477300000000000324e+01
1.547294000000000038e-06 -4.427799999999999869e+01
1.547351999999999945e-06 -4.383400000000000318e+01
1.547410000000000064e-06 -4.330599999999999739e+01
1.547466999999999943e-06 -4.263499999999999801e+01
1.547525000000000062e-06 -4.188300000000000267e+01
1.547582999999999969e-06 -4.123299999999999699e+01
1.547641000000000087e-06 -4.070600000000000307e+01
1.547697999999999967e-06 -4.004500000000000171e+01
1.547756000000000085e-06 -3.918200000000000216e+01
1.547813999999999992e-06 -3.829500000000000171e+01
1.547871999999999899e-06 -3.750500000000000256e+01
1.547928999999999990e-06 -3.675399999999999778e+01
1.547986999999999897e-06 -3.592799999999999727e+01
1.548045000000000016e-06 -3.505100000000000193e+01
1.548102999999999923e-06 -3.424900000000000233e+01
1.548161000000000042e-06 -3.358800000000000097e+01
1.548217999999999921e-06 -3.303900000000000148e+01
1.548276000000000040e-06 -3.255599999999999739e+01
1.548333999999999947e-06 -3.212899999999999778e+01
1.548392000000000065e-06 -3.181899999999999906e+01
1.548448999999999945e-06 -3.171600000000000108e+01
1.548507000000000063e-06 -3.179299999999999926e+01
1.548564999999999970e-06 -3.189499999999999957e+01
1.548623000000000089e-06 -3.190899999999999892e+01
1.548680999999999996e-06 -3.190800000000000125e+01
1.548738000000000087e-06 -3.202499999999999858e+01
1.548795999999999994e-06 -3.223499999999999943e+01
1.548853999999999901e-06 -3.239500000000000313e+01
1.548912000000000020e-06 -3.242699999999999960e+01
1.548969999999999927e-06 -3.238700000000000045e+01
1.549028000000000045e-06 -3.239600000000000080e+01
1.549084999999999925e-06 -3.250600000000000023e+01
1.549143000000000043e-06 -3.261800000000000210e+01
1.549200999999999950e-06 -3.257800000000000296e+01
1.549259000000000069e-06 -3.239000000000000057e+01
1.549316999999999976e-06 -3.226800000000000068e+01
1.549375000000000095e-06 -3.232399999999999807e+01
1.549433000000000002e-06 -3.239300000000000068e+01
1.549490000000000093e-06 -3.228099999999999881e+01
1.549548000000000000e-06 -3.206099999999999994e+01
1.549605999999999907e-06 -3.194399999999999906e+01
1.549664000000000025e-06 -3.198100000000000165e+01
1.549721999999999932e-06 -3.203099999999999881e+01
1.549780000000000051e-06 -3.195299999999999940e+01
1.549837999999999958e-06 -3.175900000000000034e+01
1.549896000000000077e-06 -3.160900000000000176e+01
1.549953999999999984e-06 -3.164000000000000057e+01
1.550011000000000075e-06 -3.178999999999999915e+01
1.550068999999999982e-06 -3.183399999999999963e+01
1.550127000000000100e-06 -3.167399999999999949e+01
1.550185000000000007e-06 -3.149200000000000088e+01
1.550242999999999914e-06 -3.150199999999999889e+01
1.550301000000000033e-06 -3.167999999999999972e+01
1.550358999999999940e-06 -3.182400000000000162e+01
1.550417000000000059e-06 -3.178200000000000003e+01
1.550474999999999966e-06 -3.160600000000000165e+01
1.550533000000000084e-06 -3.151300000000000168e+01
1.550590999999999991e-06 -3.163200000000000145e+01
1.550648999999999898e-06 -3.182499999999999929e+01
1.550707000000000017e-06 -3.184199999999999875e+01
1.550764999999999924e-06 -3.166499999999999915e+01
1.550823000000000043e-06 -3.154100000000000037e+01
1.550880999999999949e-06 -3.162300000000000111e+01
1.550939000000000068e-06 -3.178300000000000125e+01
1.550996999999999975e-06 -3.180099999999999838e+01
1.551055000000000094e-06 -3.164999999999999858e+01
1.551113000000000001e-06 -3.155799999999999983e+01
1.551170999999999908e-06 -3.161899999999999977e+01
1.551229000000000026e-06 -3.173100000000000165e+01
1.551286999999999933e-06 -3.170599999999999952e+01
1.551345000000000052e-06 -3.156200000000000117e+01
1.551402999999999959e-06 -3.150100000000000122e+01
1.551461000000000078e-06 -3.160500000000000043e+01
1.551518999999999985e-06 -3.171300000000000097e+01
1.551577000000000103e-06 -3.165500000000000114e+01
1.551635000000000010e-06 -3.150199999999999889e+01
1.551692999999999917e-06 -3.145200000000000173e+01
1.551751000000000036e-06 -3.156899999999999906e+01
1.551808999999999943e-06 -3.171399999999999864e+01
1.551867000000000062e-06 -3.171000000000000085e+01
1.551924999999999969e-06 -3.156099999999999994e+01
1.551983000000000087e-06 -3.146300000000000097e+01
1.552040999999999994e-06 -3.155499999999999972e+01
1.552098999999999901e-06 -3.172500000000000142e+01
1.552157000000000020e-06 -3.175499999999999901e+01
1.552214999999999927e-06 -3.163299999999999912e+01
1.552273000000000046e-06 -3.155499999999999972e+01
1.552331999999999980e-06 -3.161799999999999855e+01
1.552390000000000099e-06 -3.172500000000000142e+01
1.552448000000000006e-06 -3.175300000000000011e+01
1.552505999999999913e-06 -3.169800000000000040e+01
1.552564000000000031e-06 -3.165099999999999980e+01
1.552621999999999938e-06 -3.166400000000000148e+01
1.552680000000000057e-06 -3.169800000000000040e+01
1.552737999999999964e-06 -3.171000000000000085e+01
1.552796000000000083e-06 -3.170100000000000051e+01
1.552855000000000017e-06 -3.169000000000000128e+01
1.552912999999999924e-06 -3.168599999999999994e+01
1.552971000000000043e-06 -3.169200000000000017e+01
1.553028999999999950e-06 -3.168900000000000006e+01
1.553087000000000069e-06 -3.165500000000000114e+01
1.553144999999999976e-06 -3.163299999999999912e+01
1.553203000000000094e-06 -3.167399999999999949e+01
1.553262000000000029e-06 -3.172599999999999909e+01
1.553319999999999936e-06 -3.170100000000000051e+01
1.553378000000000054e-06 -3.161899999999999977e+01
1.553435999999999961e-06 -3.160099999999999909e+01
1.553494000000000080e-06 -3.167399999999999949e+01
1.553551999999999987e-06 -3.172700000000000031e+01
1.553610999999999922e-06 -3.169099999999999895e+01
1.553669000000000040e-06 -3.162800000000000011e+01
1.553726999999999947e-06 -3.162999999999999901e+01
1.553785000000000066e-06 -3.169600000000000151e+01
1.553842999999999973e-06 -3.174200000000000088e+01
1.553901999999999907e-06 -3.170499999999999829e+01
1.553960000000000026e-06 -3.163299999999999912e+01
1.554017999999999933e-06 -3.164000000000000057e+01
1.554076000000000052e-06 -3.174599999999999866e+01
1.554133999999999959e-06 -3.181299999999999883e+01
1.554193000000000105e-06 -3.173300000000000054e+01
1.554251000000000012e-06 -3.161100000000000065e+01
1.554308999999999919e-06 -3.162800000000000011e+01
1.554367000000000038e-06 -3.177700000000000102e+01
1.554425999999999972e-06 -3.187300000000000111e+01
1.554484000000000091e-06 -3.180600000000000094e+01
1.554541999999999998e-06 -3.167299999999999827e+01
1.554599999999999905e-06 -3.164199999999999946e+01
1.554659000000000051e-06 -3.175000000000000000e+01
1.554716999999999958e-06 -3.185600000000000165e+01
1.554775000000000077e-06 -3.182199999999999918e+01
1.554832999999999984e-06 -3.173999999999999844e+01
1.554891999999999918e-06 -3.173300000000000054e+01
1.554950000000000037e-06 -3.183299999999999841e+01
1.555007999999999944e-06 -3.189199999999999946e+01
1.555067000000000090e-06 -3.183399999999999963e+01
1.555124999999999997e-06 -3.178600000000000136e+01
1.555182999999999904e-06 -3.185999999999999943e+01
1.555242000000000051e-06 -3.195400000000000063e+01
1.555299999999999957e-06 -3.192200000000000060e+01
1.555358000000000076e-06 -3.183099999999999952e+01
1.555415999999999983e-06 -3.185099999999999909e+01
1.555474999999999918e-06 -3.197100000000000009e+01
1.555533000000000036e-06 -3.201200000000000045e+01
1.555590999999999943e-06 -3.192099999999999937e+01
1.555650000000000090e-06 -3.186599999999999966e+01
1.555707999999999997e-06 -3.194099999999999895e+01
1.555765999999999904e-06 -3.203099999999999881e+01
1.555825000000000050e-06 -3.202300000000000324e+01
1.555882999999999957e-06 -3.196199999999999974e+01
1.555941000000000076e-06 -3.195599999999999952e+01
1.556000000000000010e-06 -3.201500000000000057e+01
1.556057999999999917e-06 -3.204800000000000182e+01
1.556117000000000063e-06 -3.201500000000000057e+01
1.556174999999999970e-06 -3.198900000000000077e+01
1.556233000000000089e-06 -3.202900000000000347e+01
1.556292000000000024e-06 -3.208299999999999841e+01
1.556349999999999930e-06 -3.208200000000000074e+01
1.556409000000000077e-06 -3.204299999999999926e+01
1.556466999999999984e-06 -3.203399999999999892e+01
1.556525000000000102e-06 -3.208599999999999852e+01
1.556584000000000037e-06 -3.214500000000000313e+01
1.556641999999999944e-06 -3.213000000000000256e+01
1.556700000000000063e-06 -3.206400000000000006e+01
1.556758999999999997e-06 -3.207099999999999795e+01
1.556816999999999904e-06 -3.216700000000000159e+01
1.556876000000000050e-06 -3.221200000000000330e+01
1.556933999999999957e-06 -3.214900000000000091e+01
1.556993000000000104e-06 -3.210000000000000142e+01
1.557051000000000011e-06 -3.215599999999999881e+01
1.557109999999999945e-06 -3.223100000000000165e+01
1.557168000000000064e-06 -3.222200000000000131e+01
1.557225999999999971e-06 -3.217300000000000182e+01
1.557284999999999905e-06 -3.217900000000000205e+01
1.557343000000000024e-06 -3.223899999999999721e+01
1.557401999999999959e-06 -3.228199999999999648e+01
1.557460000000000077e-06 -3.227499999999999858e+01
1.557519000000000012e-06 -3.226100000000000279e+01
1.557576999999999919e-06 -3.227400000000000091e+01
1.557636000000000065e-06 -3.229899999999999949e+01
1.557693999999999972e-06 -3.233599999999999852e+01
1.557752999999999907e-06 -3.237700000000000244e+01
1.557811000000000025e-06 -3.238000000000000256e+01
1.557869999999999960e-06 -3.235699999999999932e+01
1.557928000000000079e-06 -3.237899999999999778e+01
1.557987000000000013e-06 -3.245000000000000284e+01
1.558044999999999920e-06 -3.249099999999999966e+01
1.558104000000000066e-06 -3.247999999999999687e+01
1.558161999999999973e-06 -3.247299999999999898e+01
1.558220999999999908e-06 -3.248799999999999955e+01
1.558279000000000027e-06 -3.250500000000000256e+01
1.558337999999999961e-06 -3.254599999999999937e+01
1.558396000000000080e-06 -3.261099999999999710e+01
1.558455000000000015e-06 -3.262899999999999778e+01
1.558513999999999949e-06 -3.257500000000000284e+01
1.558572000000000068e-06 -3.256000000000000227e+01
1.558631000000000002e-06 -3.261399999999999721e+01
1.558688999999999909e-06 -3.267799999999999727e+01
1.558748000000000056e-06 -3.269299999999999784e+01
1.558805999999999963e-06 -3.269299999999999784e+01
1.558864999999999897e-06 -3.270799999999999841e+01
1.558923000000000016e-06 -3.270499999999999829e+01
1.558981999999999950e-06 -3.270300000000000296e+01
1.559041000000000097e-06 -3.273799999999999955e+01
1.559099000000000004e-06 -3.277600000000000335e+01
1.559157999999999938e-06 -3.278300000000000125e+01
1.559216000000000057e-06 -3.278600000000000136e+01
1.559274999999999991e-06 -3.279500000000000171e+01
1.559333999999999926e-06 -3.279299999999999926e+01
1.559392000000000045e-06 -3.281199999999999761e+01
1.559450999999999979e-06 -3.286800000000000210e+01
1.559509999999999914e-06 -3.289699999999999847e+01
1.559568000000000032e-06 -3.285600000000000165e+01
1.559626999999999967e-06 -3.282999999999999829e+01
1.559685000000000086e-06 -3.289800000000000324e+01
1.559744000000000020e-06 -3.297599999999999909e+01
1.559802999999999955e-06 -3.295799999999999841e+01
1.559861000000000074e-06 -3.291400000000000148e+01
1.559920000000000008e-06 -3.293999999999999773e+01
1.559978999999999943e-06 -3.300699999999999790e+01
1.560037000000000061e-06 -3.304800000000000182e+01
1.560095999999999996e-06 -3.303799999999999670e+01
1.560154999999999930e-06 -3.300900000000000034e+01
1.560213000000000049e-06 -3.302600000000000335e+01
1.560271999999999984e-06 -3.310499999999999687e+01
1.560330999999999918e-06 -3.316899999999999693e+01
1.560389000000000037e-06 -3.313600000000000279e+01
1.560447999999999972e-06 -3.307300000000000040e+01
1.560506999999999906e-06 -3.311099999999999710e+01
1.560566000000000052e-06 -3.322599999999999909e+01
1.560623999999999959e-06 -3.328699999999999903e+01
1.560683000000000106e-06 -3.325999999999999801e+01
1.560742000000000040e-06 -3.321300000000000097e+01
1.560799999999999947e-06 -3.321500000000000341e+01
1.560859000000000093e-06 -3.330199999999999960e+01
1.560918000000000028e-06 -3.340500000000000114e+01
1.560976999999999963e-06 -3.338700000000000045e+01
1.561035000000000081e-06 -3.329599999999999937e+01
1.561094000000000016e-06 -3.332800000000000296e+01
1.561152999999999950e-06 -3.347699999999999676e+01
1.561212000000000097e-06 -3.353099999999999881e+01
1.561270000000000004e-06 -3.344800000000000040e+01
1.561328999999999938e-06 -3.342000000000000171e+01
1.561388000000000085e-06 -3.351800000000000068e+01
1.561447000000000019e-06 -3.360300000000000153e+01
1.561504999999999926e-06 -3.359799999999999898e+01
1.561564000000000072e-06 -3.357399999999999807e+01
1.561623000000000007e-06 -3.357800000000000296e+01
1.561681999999999941e-06 -3.360900000000000176e+01
1.561741000000000088e-06 -3.365500000000000114e+01
1.561798999999999995e-06 -3.368399999999999750e+01
1.561857999999999929e-06 -3.367499999999999716e+01
1.561917000000000076e-06 -3.368099999999999739e+01
1.561976000000000010e-06 -3.373899999999999721e+01
1.562034999999999945e-06 -3.378399999999999892e+01
1.562094000000000091e-06 -3.376899999999999835e+01
1.562151999999999998e-06 -3.375699999999999790e+01
1.562210999999999932e-06 -3.380100000000000193e+01
1.562270000000000079e-06 -3.383299999999999841e+01
1.562329000000000013e-06 -3.386099999999999710e+01
1.562387999999999948e-06 -3.385000000000000142e+01
1.562447000000000094e-06 -3.387800000000000011e+01
1.562505000000000001e-06 -3.392699999999999960e+01
1.562563999999999936e-06 -3.396000000000000085e+01
1.562623000000000082e-06 -3.396699999999999875e+01
1.562682000000000017e-06 -3.397399999999999665e+01
1.562740999999999951e-06 -3.400000000000000000e+01
1.562800000000000097e-06 -3.403999999999999915e+01
1.562858000000000004e-06 -3.407500000000000284e+01
1.562916999999999939e-06 -3.410300000000000153e+01
1.562976000000000085e-06 -3.411899999999999977e+01
1.563035000000000020e-06 -3.413100000000000023e+01
1.563093999999999954e-06 -3.416400000000000148e+01
1.563153000000000101e-06 -3.420400000000000063e+01
1.563212000000000035e-06 -3.421699999999999875e+01
1.563270999999999970e-06 -3.421900000000000119e+01
1.563329999999999904e-06 -3.424099999999999966e+01
1.563389000000000051e-06 -3.429500000000000171e+01
1.563446999999999958e-06 -3.433700000000000330e+01
1.563506000000000104e-06 -3.432399999999999807e+01
1.563565000000000038e-06 -3.431700000000000017e+01
1.563623999999999973e-06 -3.438499999999999801e+01
1.563682999999999908e-06 -3.445300000000000296e+01
1.563742000000000054e-06 -3.445499999999999829e+01
1.563800999999999988e-06 -3.446600000000000108e+01
1.563859999999999923e-06 -3.451400000000000290e+01
1.563919000000000069e-06 -3.454599999999999937e+01
1.563978000000000004e-06 -3.455599999999999739e+01
1.564036999999999938e-06 -3.458899999999999864e+01
1.564096000000000085e-06 -3.463600000000000279e+01
1.564155000000000019e-06 -3.465500000000000114e+01
1.564213999999999954e-06 -3.468099999999999739e+01
1.564273000000000100e-06 -3.473599999999999710e+01
1.564332000000000035e-06 -3.477700000000000102e+01
1.564390999999999969e-06 -3.479800000000000182e+01
1.564449999999999904e-06 -3.483599999999999852e+01
1.564509000000000050e-06 -3.489399999999999835e+01
1.564567999999999985e-06 -3.492999999999999972e+01
1.564626999999999919e-06 -3.493200000000000216e+01
1.564686000000000065e-06 -3.494299999999999784e+01
1.564745000000000000e-06 -3.498400000000000176e+01
1.564803999999999935e-06 -3.505100000000000193e+01
1.564863000000000081e-06 -3.510900000000000176e+01
1.564922000000000015e-06 -3.512500000000000000e+01
1.564980999999999950e-06 -3.511500000000000199e+01
1.565040000000000096e-06 -3.512100000000000222e+01
1.565099000000000031e-06 -3.516100000000000136e+01
1.565157999999999965e-06 -3.521600000000000108e+01
1.565216999999999900e-06 -3.524799999999999756e+01
1.565276000000000046e-06 -3.523199999999999932e+01
1.565334999999999981e-06 -3.521399999999999864e+01
1.565393999999999915e-06 -3.525900000000000034e+01
1.565454000000000089e-06 -3.533700000000000330e+01
1.565513000000000024e-06 -3.536800000000000210e+01
1.565571999999999958e-06 -3.534199999999999875e+01
1.565631000000000105e-06 -3.533800000000000097e+01
1.565690000000000039e-06 -3.538499999999999801e+01
1.565748999999999974e-06 -3.545600000000000307e+01
1.565807999999999908e-06 -3.550500000000000256e+01
1.565867000000000055e-06 -3.548799999999999955e+01
1.565925999999999989e-06 -3.545700000000000074e+01
1.565984999999999924e-06 -3.549600000000000222e+01
1.566044000000000070e-06 -3.556300000000000239e+01
1.566104000000000032e-06 -3.565699999999999648e+01
1.566162999999999967e-06 -3.565999999999999659e+01
1.566221999999999901e-06 -3.564399999999999835e+01
1.566281000000000048e-06 -3.566899999999999693e+01
1.566339999999999982e-06 -3.575699999999999790e+01
1.566398999999999917e-06 -3.583400000000000318e+01
1.566458000000000063e-06 -3.583100000000000307e+01
1.566516999999999998e-06 -3.580100000000000193e+01
1.566576999999999960e-06 -3.583700000000000330e+01
1.566635999999999894e-06 -3.592000000000000171e+01
1.566695000000000041e-06 -3.597699999999999676e+01
1.566753999999999975e-06 -3.599099999999999966e+01
1.566812999999999910e-06 -3.599699999999999989e+01
1.566873000000000084e-06 -3.603300000000000125e+01
1.566932000000000018e-06 -3.611200000000000188e+01
1.566990999999999953e-06 -3.617399999999999949e+01
1.567050000000000099e-06 -3.618399999999999750e+01
1.567109000000000034e-06 -3.618900000000000006e+01
1.567168999999999996e-06 -3.621000000000000085e+01
1.567227999999999930e-06 -3.625099999999999767e+01
1.567287000000000077e-06 -3.632000000000000028e+01
1.567346000000000011e-06 -3.636999999999999744e+01
1.567404999999999946e-06 -3.637400000000000233e+01
1.567464999999999908e-06 -3.639900000000000091e+01
1.567524000000000054e-06 -3.646900000000000119e+01
1.567582999999999989e-06 -3.650999999999999801e+01
1.567641999999999923e-06 -3.650000000000000000e+01
1.567701000000000070e-06 -3.652799999999999869e+01
1.567761000000000032e-06 -3.661800000000000210e+01
1.567819999999999966e-06 -3.667300000000000182e+01
1.567878999999999901e-06 -3.667000000000000171e+01
1.567939000000000075e-06 -3.668699999999999761e+01
1.567998000000000009e-06 -3.674300000000000210e+01
1.568056999999999944e-06 -3.679099999999999682e+01
1.568116000000000090e-06 -3.682999999999999829e+01
1.568176000000000052e-06 -3.686899999999999977e+01
1.568234999999999987e-06 -3.688600000000000279e+01
1.568293999999999921e-06 -3.689500000000000313e+01
1.568354000000000095e-06 -3.693399999999999750e+01
1.568413000000000030e-06 -3.701599999999999824e+01
1.568471999999999965e-06 -3.705700000000000216e+01
1.568530999999999899e-06 -3.703199999999999648e+01
1.568591000000000073e-06 -3.705400000000000205e+01
1.568650000000000008e-06 -3.712199999999999989e+01
1.568708999999999942e-06 -3.716199999999999903e+01
1.568768999999999904e-06 -3.717499999999999716e+01
1.568828000000000051e-06 -3.718800000000000239e+01
1.568886999999999985e-06 -3.720799999999999841e+01
1.568946999999999947e-06 -3.722500000000000142e+01
1.569006000000000094e-06 -3.725800000000000267e+01
1.569065000000000028e-06 -3.731900000000000261e+01
1.569124999999999990e-06 -3.735699999999999932e+01
1.569183999999999925e-06 -3.735900000000000176e+01
1.569244000000000099e-06 -3.738700000000000045e+01
1.569303000000000033e-06 -3.745799999999999841e+01
1.569361999999999968e-06 -3.749499999999999744e+01
1.569421999999999930e-06 -3.749000000000000199e+01
1.569481000000000076e-06 -3.750300000000000011e+01
1.569540000000000011e-06 -3.756300000000000239e+01
1.569599999999999973e-06 -3.764200000000000301e+01
1.569658999999999908e-06 -3.767399999999999949e+01
1.569719000000000081e-06 -3.767300000000000182e+01
1.569778000000000016e-06 -3.769299999999999784e+01
1.569836999999999951e-06 -3.774399999999999977e+01
1.569896999999999913e-06 -3.780799999999999983e+01
1.569956000000000059e-06 -3.784400000000000119e+01
1.570016000000000021e-06 -3.785900000000000176e+01
1.570074999999999956e-06 -3.789300000000000068e+01
1.570134000000000102e-06 -3.795400000000000063e+01
1.570194000000000064e-06 -3.799900000000000233e+01
1.570252999999999999e-06 -3.802600000000000335e+01
1.570312999999999961e-06 -3.806700000000000017e+01
1.570371999999999895e-06 -3.811800000000000210e+01
1.570432000000000069e-06 -3.816899999999999693e+01
1.570491000000000004e-06 -3.820900000000000318e+01
1.570549999999999939e-06 -3.822299999999999898e+01
1.570609999999999901e-06 -3.825099999999999767e+01
1.570669000000000047e-06 -3.829200000000000159e+01
1.570729000000000009e-06 -3.833500000000000085e+01
1.570787999999999944e-06 -3.836899999999999977e+01
1.570847999999999906e-06 -3.834499999999999886e+01
1.570907000000000052e-06 -3.835300000000000153e+01
1.570967000000000014e-06 -3.845600000000000307e+01
1.571025999999999949e-06 -3.852900000000000347e+01
1.571085999999999911e-06 -3.851100000000000279e+01
1.571145000000000057e-06 -3.850600000000000023e+01
1.571205000000000019e-06 -3.856099999999999994e+01
1.571263999999999954e-06 -3.859000000000000341e+01
1.571323999999999916e-06 -3.861099999999999710e+01
1.571383000000000063e-06 -3.867499999999999716e+01
1.571443000000000025e-06 -3.872399999999999665e+01
1.571501999999999959e-06 -3.872899999999999920e+01
1.571561999999999921e-06 -3.874399999999999977e+01
1.571622000000000095e-06 -3.881099999999999994e+01
1.571681000000000030e-06 -3.886299999999999955e+01
1.571740999999999992e-06 -3.887500000000000000e+01
1.571799999999999927e-06 -3.891499999999999915e+01
1.571860000000000100e-06 -3.898799999999999955e+01
1.571919000000000035e-06 -3.902499999999999858e+01
1.571978999999999997e-06 -3.901100000000000279e+01
1.572037999999999932e-06 -3.904200000000000159e+01
1.572098000000000106e-06 -3.911099999999999710e+01
1.572158000000000068e-06 -3.913600000000000279e+01
1.572217000000000002e-06 -3.915200000000000102e+01
1.572276999999999964e-06 -3.919500000000000028e+01
1.572335999999999899e-06 -3.921699999999999875e+01
1.572396000000000073e-06 -3.920799999999999841e+01
1.572456000000000035e-06 -3.922999999999999687e+01
1.572514999999999970e-06 -3.931300000000000239e+01
1.572574999999999932e-06 -3.940699999999999648e+01
1.572634000000000078e-06 -3.945400000000000063e+01
1.572694000000000040e-06 -3.946500000000000341e+01
1.572754000000000002e-06 -3.947200000000000131e+01
1.572812999999999937e-06 -3.951100000000000279e+01
1.572872999999999899e-06 -3.957699999999999818e+01
1.572932000000000045e-06 -3.961099999999999710e+01
1.572992000000000008e-06 -3.963400000000000034e+01
1.573051999999999970e-06 -3.966299999999999670e+01
1.573110999999999904e-06 -3.967099999999999937e+01
1.573171000000000078e-06 -3.969400000000000261e+01
1.573231000000000040e-06 -3.975900000000000034e+01
1.573289999999999975e-06 -3.980899999999999750e+01
1.573349999999999937e-06 -3.984400000000000119e+01
1.573409999999999899e-06 -3.987800000000000011e+01
1.573469000000000046e-06 -3.989399999999999835e+01
1.573529000000000008e-06 -3.992600000000000193e+01
1.573588999999999970e-06 -4.002300000000000324e+01
1.573647999999999904e-06 -4.009899999999999665e+01
1.573708000000000078e-06 -4.011200000000000188e+01
1.573768000000000041e-06 -4.011299999999999955e+01
1.573828000000000003e-06 -4.016700000000000159e+01
1.573886999999999937e-06 -4.023100000000000165e+01
1.573946999999999899e-06 -4.030100000000000193e+01
1.574007000000000073e-06 -4.035600000000000165e+01
1.574066000000000008e-06 -4.036999999999999744e+01
1.574125999999999970e-06 -4.038300000000000267e+01
1.574185999999999932e-06 -4.044100000000000250e+01
1.574245999999999894e-06 -4.050300000000000011e+01
1.574306000000000068e-06 -4.051400000000000290e+01
1.574365000000000003e-06 -4.054500000000000171e+01
1.574424999999999965e-06 -4.059199999999999875e+01
1.574484999999999927e-06 -4.059199999999999875e+01
1.574545000000000101e-06 -4.059199999999999875e+01
1.574604000000000036e-06 -4.061899999999999977e+01
1.574663999999999998e-06 -4.065999999999999659e+01
1.574723999999999960e-06 -4.068599999999999994e+01
1.574782999999999894e-06 -4.071200000000000330e+01
1.574843000000000068e-06 -4.077000000000000313e+01
1.574903000000000030e-06 -4.079299999999999926e+01
1.574962999999999993e-06 -4.080700000000000216e+01
1.575022999999999955e-06 -4.088000000000000256e+01
1.575082999999999917e-06 -4.093900000000000006e+01
1.575142000000000063e-06 -4.096900000000000119e+01
1.575202000000000025e-06 -4.099300000000000210e+01
1.575261999999999988e-06 -4.102600000000000335e+01
1.575321999999999950e-06 -4.110499999999999687e+01
1.575381999999999912e-06 -4.115299999999999869e+01
1.575441000000000058e-06 -4.114600000000000080e+01
1.575501000000000020e-06 -4.116599999999999682e+01
1.575560999999999983e-06 -4.122599999999999909e+01
1.575620999999999945e-06 -4.129299999999999926e+01
1.575680999999999907e-06 -4.129699999999999704e+01
1.575741000000000081e-06 -4.129399999999999693e+01
1.575801000000000043e-06 -4.136800000000000210e+01
1.575859999999999977e-06 -4.145100000000000051e+01
1.575919999999999940e-06 -4.149399999999999977e+01
1.575979999999999902e-06 -4.153999999999999915e+01
1.576040000000000076e-06 -4.157699999999999818e+01
1.576100000000000038e-06 -4.160499999999999687e+01
1.576160000000000000e-06 -4.166299999999999670e+01
1.576219999999999962e-06 -4.170700000000000074e+01
1.576278999999999897e-06 -4.171600000000000108e+01
1.576339000000000071e-06 -4.173499999999999943e+01
1.576399000000000033e-06 -4.180499999999999972e+01
1.576458999999999995e-06 -4.187500000000000000e+01
1.576518999999999957e-06 -4.188600000000000279e+01
1.576578999999999919e-06 -4.193599999999999994e+01
1.576639000000000093e-06 -4.202300000000000324e+01
1.576699000000000055e-06 -4.203199999999999648e+01
1.576759000000000017e-06 -4.198899999999999721e+01
1.576818999999999980e-06 -4.202300000000000324e+01
1.576878999999999942e-06 -4.211500000000000199e+01
1.576938999999999904e-06 -4.213900000000000290e+01
1.576998000000000050e-06 -4.214200000000000301e+01
1.577059000000000040e-06 -4.221300000000000097e+01
1.577119000000000002e-06 -4.228000000000000114e+01
1.577177999999999937e-06 -4.226200000000000045e+01
1.577237999999999899e-06 -4.228900000000000148e+01
1.577298000000000073e-06 -4.240899999999999892e+01
1.577358000000000035e-06 -4.249300000000000210e+01
1.577417999999999997e-06 -4.255499999999999972e+01
1.577477999999999959e-06 -4.257300000000000040e+01
1.577537999999999921e-06 -4.260300000000000153e+01
1.577598000000000095e-06 -4.267199999999999704e+01
1.577658000000000057e-06 -4.272999999999999687e+01
1.577718000000000020e-06 -4.272299999999999898e+01
1.577777999999999982e-06 -4.271900000000000119e+01
1.577837999999999944e-06 -4.274199999999999733e+01
1.577897999999999906e-06 -4.276599999999999824e+01
1.577958000000000080e-06 -4.278199999999999648e+01
1.578018000000000042e-06 -4.277300000000000324e+01
1.578078000000000004e-06 -4.275900000000000034e+01
1.578137999999999966e-06 -4.281199999999999761e+01
1.578198999999999956e-06 -4.289300000000000068e+01
1.578258999999999918e-06 -4.289999999999999858e+01
1.578318000000000065e-06 -4.289500000000000313e+01
1.578379000000000054e-06 -4.296300000000000097e+01
1.578439000000000017e-06 -4.305799999999999983e+01
1.578498999999999979e-06 -4.310399999999999920e+01
1.578558999999999941e-06 -4.311200000000000188e+01
1.578618999999999903e-06 -4.315800000000000125e+01
1.578679000000000077e-06 -4.318299999999999983e+01
1.578739000000000039e-06 -4.314699999999999847e+01
1.578799000000000001e-06 -4.317699999999999960e+01
1.578858999999999963e-06 -4.328399999999999892e+01
1.578918999999999926e-06 -4.333500000000000085e+01
1.578979000000000100e-06 -4.333299999999999841e+01
1.579039000000000062e-06 -4.335600000000000165e+01
1.579100000000000051e-06 -4.340999999999999659e+01
1.579160000000000014e-06 -4.350800000000000267e+01
1.579219999999999976e-06 -4.362299999999999756e+01
1.579279999999999938e-06 -4.367900000000000205e+01
1.579339999999999900e-06 -4.369500000000000028e+01
1.579400000000000074e-06 -4.369700000000000273e+01
1.579460000000000036e-06 -4.371999999999999886e+01
1.579519999999999998e-06 -4.382200000000000273e+01
1.579580999999999988e-06 -4.389999999999999858e+01
1.579640999999999950e-06 -4.391899999999999693e+01
1.579700999999999912e-06 -4.392999999999999972e+01
1.579761000000000086e-06 -4.395700000000000074e+01
1.579821000000000048e-06 -4.403000000000000114e+01
1.579881000000000011e-06 -4.408100000000000307e+01
1.579942000000000000e-06 -4.412700000000000244e+01
1.580001999999999963e-06 -4.417300000000000182e+01
1.580061999999999925e-06 -4.417799999999999727e+01
1.580122000000000099e-06 -4.418399999999999750e+01
1.580182000000000061e-06 -4.425099999999999767e+01
1.580243000000000051e-06 -4.435799999999999699e+01
1.580303000000000013e-06 -4.435999999999999943e+01
1.580362999999999975e-06 -4.426800000000000068e+01
1.580422999999999937e-06 -4.428900000000000148e+01
1.580482999999999899e-06 -4.437599999999999767e+01
1.580544000000000101e-06 -4.437299999999999756e+01
1.580604000000000063e-06 -4.439000000000000057e+01
1.580664000000000025e-06 -4.447099999999999653e+01
1.580723999999999987e-06 -4.452400000000000091e+01
1.580783999999999949e-06 -4.460900000000000176e+01
1.580844999999999939e-06 -4.470100000000000051e+01
1.580904999999999901e-06 -4.472200000000000131e+01
1.580965000000000075e-06 -4.473799999999999955e+01
1.581025000000000037e-06 -4.472500000000000142e+01
1.581086000000000027e-06 -4.473199999999999932e+01
1.581145999999999989e-06 -4.476800000000000068e+01
1.581205999999999951e-06 -4.482699999999999818e+01
1.581265999999999914e-06 -4.493500000000000227e+01
1.581326999999999903e-06 -4.494500000000000028e+01
1.581387000000000077e-06 -4.486200000000000188e+01
1.581447000000000039e-06 -4.492099999999999937e+01
1.581508000000000029e-06 -4.512299999999999756e+01
1.581567999999999991e-06 -4.520799999999999841e+01
1.581627999999999953e-06 -4.517600000000000193e+01
1.581687999999999916e-06 -4.522999999999999687e+01
1.581748999999999905e-06 -4.529500000000000171e+01
1.581809000000000079e-06 -4.527499999999999858e+01
1.581869000000000041e-06 -4.525399999999999778e+01
1.581930000000000031e-06 -4.531099999999999994e+01
1.581989999999999993e-06 -4.536899999999999977e+01
1.582049999999999955e-06 -4.539900000000000091e+01
1.582110999999999945e-06 -4.535099999999999909e+01
1.582170999999999907e-06 -4.522999999999999687e+01
1.582231999999999897e-06 -4.523599999999999710e+01
1.582292000000000071e-06 -4.540100000000000335e+01
1.582352000000000033e-06 -4.551899999999999835e+01
1.582411999999999995e-06 -4.554899999999999949e+01
1.582472999999999985e-06 -4.563400000000000034e+01
1.582532999999999947e-06 -4.570700000000000074e+01
1.582593999999999937e-06 -4.574199999999999733e+01
1.582653999999999899e-06 -4.585900000000000176e+01
1.582714000000000073e-06 -4.590500000000000114e+01
1.582775000000000063e-06 -4.585499999999999687e+01
1.582835000000000025e-06 -4.588700000000000045e+01
1.582896000000000015e-06 -4.598299999999999699e+01
1.582955999999999977e-06 -4.609000000000000341e+01
1.583015999999999939e-06 -4.610999999999999943e+01
1.583076999999999929e-06 -4.608100000000000307e+01
1.583137000000000103e-06 -4.610900000000000176e+01
1.583198000000000093e-06 -4.618599999999999994e+01
1.583258000000000055e-06 -4.628900000000000148e+01
1.583319000000000044e-06 -4.637199999999999989e+01
1.583379000000000007e-06 -4.638600000000000279e+01
1.583438999999999969e-06 -4.639000000000000057e+01
1.583499999999999959e-06 -4.635900000000000176e+01
1.583559999999999921e-06 -4.629099999999999682e+01
1.583620999999999910e-06 -4.630899999999999750e+01
1.583681000000000084e-06 -4.633299999999999841e+01
1.583742000000000074e-06 -4.638100000000000023e+01
1.583802000000000036e-06 -4.643999999999999773e+01
1.583863000000000026e-06 -4.640899999999999892e+01
1.583922999999999988e-06 -4.649600000000000222e+01
1.583983999999999978e-06 -4.668999999999999773e+01
1.584043999999999940e-06 -4.668999999999999773e+01
1.584104999999999930e-06 -4.665599999999999881e+01
1.584165000000000104e-06 -4.674199999999999733e+01
1.584226000000000094e-06 -4.682399999999999807e+01
1.584286000000000056e-06 -4.688100000000000023e+01
1.584346000000000018e-06 -4.685099999999999909e+01
1.584407000000000008e-06 -4.687599999999999767e+01
1.584467999999999997e-06 -4.706600000000000250e+01
1.584527999999999960e-06 -4.710999999999999943e+01
1.584588999999999949e-06 -4.693699999999999761e+01
1.584648999999999911e-06 -4.682699999999999818e+01
1.584709999999999901e-06 -4.693599999999999994e+01
1.584770000000000075e-06 -4.716499999999999915e+01
1.584831000000000065e-06 -4.719200000000000017e+01
1.584891000000000027e-06 -4.713499999999999801e+01
1.584952000000000017e-06 -4.721399999999999864e+01
1.585011999999999979e-06 -4.731900000000000261e+01
1.585072999999999969e-06 -4.743299999999999983e+01
1.585133999999999958e-06 -4.752700000000000102e+01
1.585193999999999921e-06 -4.751899999999999835e+01
1.585254999999999910e-06 -4.745400000000000063e+01
1.585315000000000084e-06 -4.745000000000000284e+01
1.585376000000000074e-06 -4.751200000000000045e+01
1.585436000000000036e-06 -4.755599999999999739e+01
1.585497000000000026e-06 -4.764200000000000301e+01
1.585558000000000016e-06 -4.777900000000000347e+01
1.585617999999999978e-06 -4.787899999999999778e+01
1.585678999999999968e-06 -4.786099999999999710e+01
1.585738999999999930e-06 -4.787899999999999778e+01
1.585799999999999920e-06 -4.800300000000000011e+01
1.585860999999999909e-06 -4.800200000000000244e+01
1.585921000000000083e-06 -4.804899999999999949e+01
1.585982000000000073e-06 -4.821500000000000341e+01
1.586043000000000063e-06 -4.818800000000000239e+01
1.586103000000000025e-06 -4.818099999999999739e+01
1.586164000000000015e-06 -4.841899999999999693e+01
1.586223999999999977e-06 -4.846999999999999886e+01
1.586284999999999967e-06 -4.833700000000000330e+01
1.586345999999999956e-06 -4.838900000000000290e+01
1.586405999999999918e-06 -4.850300000000000011e+01
1.586466999999999908e-06 -4.857999999999999829e+01
1.586527999999999898e-06 -4.855599999999999739e+01
1.586589000000000100e-06 -4.853699999999999903e+01
1.586649000000000062e-06 -4.865699999999999648e+01
1.586710000000000051e-06 -4.859000000000000341e+01
1.586771000000000041e-06 -4.845799999999999841e+01
1.586831000000000003e-06 -4.839800000000000324e+01
1.586891999999999993e-06 -4.847500000000000142e+01
1.586952999999999983e-06 -4.869800000000000040e+01
1.587012999999999945e-06 -4.871999999999999886e+01
1.587073999999999935e-06 -4.866899999999999693e+01
1.587134999999999925e-06 -4.869800000000000040e+01
1.587195000000000098e-06 -4.880400000000000205e+01
1.587256000000000088e-06 -4.895600000000000307e+01
1.587317000000000078e-06 -4.883500000000000085e+01
1.587378000000000068e-06 -4.868500000000000227e+01
1.587438000000000030e-06 -4.867099999999999937e+01
1.587499000000000020e-06 -4.877100000000000080e+01
1.587560000000000009e-06 -4.890200000000000102e+01
1.587620999999999999e-06 -4.888499999999999801e+01
1.587680999999999961e-06 -4.885799999999999699e+01
1.587741999999999951e-06 -4.891199999999999903e+01
1.587802999999999941e-06 -4.915200000000000102e+01
1.587863999999999931e-06 -4.924199999999999733e+01
1.587924999999999920e-06 -4.907699999999999818e+01
1.587985000000000094e-06 -4.908200000000000074e+01
1.588046000000000084e-06 -4.920499999999999829e+01
1.588107000000000074e-06 -4.946300000000000097e+01
1.588168000000000064e-06 -4.974699999999999989e+01
1.588229000000000053e-06 -4.962100000000000222e+01
1.588289000000000015e-06 -4.976400000000000290e+01
1.588350000000000005e-06 -5.018800000000000239e+01
1.588410999999999995e-06 -5.007999999999999829e+01
1.588471999999999985e-06 -4.976200000000000045e+01
1.588532999999999975e-06 -4.971099999999999852e+01
1.588592999999999937e-06 -4.985600000000000165e+01
1.588653999999999926e-06 -4.997299999999999898e+01
1.588714999999999916e-06 -4.996699999999999875e+01
1.588775999999999906e-06 -4.974300000000000210e+01
1.588836999999999896e-06 -4.949900000000000233e+01
1.588898000000000097e-06 -4.946900000000000119e+01
1.588959000000000087e-06 -4.962500000000000000e+01
1.589020000000000077e-06 -4.982200000000000273e+01
1.589080000000000039e-06 -4.994299999999999784e+01
1.589141000000000029e-06 -5.021600000000000108e+01
1.589202000000000018e-06 -5.038900000000000290e+01
1.589263000000000008e-06 -5.009799999999999898e+01
1.589323999999999998e-06 -4.983299999999999841e+01
1.589384999999999988e-06 -4.984499999999999886e+01
1.589445999999999977e-06 -4.988700000000000045e+01
1.589506999999999967e-06 -4.987599999999999767e+01
1.589567999999999957e-06 -4.995300000000000296e+01
1.589627999999999919e-06 -5.027799999999999869e+01
1.589688999999999909e-06 -5.036899999999999977e+01
1.589749999999999899e-06 -5.020000000000000284e+01
1.589811000000000100e-06 -5.028900000000000148e+01
1.589872000000000090e-06 -5.039600000000000080e+01
1.589933000000000080e-06 -5.026899999999999835e+01
1.589994000000000069e-06 -5.015200000000000102e+01
