1.489996000000000023e-06 -4.906600000000000250e+01
1.490050000000000032e-06 -4.898499999999999943e+01
1.490103000000000012e-06 -4.914000000000000057e+01
1.490157000000000021e-06 -4.936200000000000188e+01
1.490210000000000001e-06 -4.933599999999999852e+01
1.490264000000000010e-06 -4.930400000000000205e+01
1.490316999999999990e-06 -4.935199999999999676e+01
1.490370999999999999e-06 -4.922699999999999676e+01
1.490423999999999979e-06 -4.897299999999999898e+01
1.490477999999999988e-06 -4.900699999999999790e+01
1.490530999999999968e-06 -4.926599999999999824e+01
1.490584999999999977e-06 -4.914399999999999835e+01
1.490638999999999985e-06 -4.880299999999999727e+01
1.490691999999999966e-06 -4.886500000000000199e+01
1.490745999999999974e-06 -4.909000000000000341e+01
1.490798999999999954e-06 -4.911399999999999721e+01
1.490852999999999963e-06 -4.899199999999999733e+01
1.490905999999999943e-06 -4.884599999999999653e+01
1.490959999999999952e-06 -4.876899999999999835e+01
1.491013999999999960e-06 -4.867600000000000193e+01
1.491066999999999941e-06 -4.860600000000000165e+01
1.491120999999999949e-06 -4.858400000000000318e+01
1.491173999999999930e-06 -4.863400000000000034e+01
1.491227999999999938e-06 -4.870000000000000284e+01
1.491281999999999946e-06 -4.871900000000000119e+01
1.491334999999999927e-06 -4.855100000000000193e+01
1.491388999999999935e-06 -4.832800000000000296e+01
1.491441999999999916e-06 -4.824799999999999756e+01
1.491495999999999924e-06 -4.819100000000000250e+01
1.491549999999999933e-06 -4.818299999999999983e+01
1.491602999999999913e-06 -4.822599999999999909e+01
1.491656999999999922e-06 -4.839999999999999858e+01
1.491710999999999930e-06 -4.862299999999999756e+01
1.491763999999999911e-06 -4.855100000000000193e+01
1.491817999999999919e-06 -4.825500000000000256e+01
1.491871999999999927e-06 -4.810099999999999909e+01
1.491924999999999908e-06 -4.819800000000000040e+01
1.491978999999999916e-06 -4.835900000000000176e+01
1.492032999999999924e-06 -4.835499999999999687e+01
1.492085999999999905e-06 -4.821099999999999852e+01
1.492139999999999913e-06 -4.811999999999999744e+01
1.492193999999999922e-06 -4.815200000000000102e+01
1.492246999999999902e-06 -4.814500000000000313e+01
1.492300999999999911e-06 -4.787700000000000244e+01
1.492354999999999919e-06 -4.757600000000000051e+01
1.492407999999999900e-06 -4.769700000000000273e+01
1.492461999999999908e-06 -4.802799999999999869e+01
1.492515999999999916e-06 -4.800000000000000000e+01
1.492568999999999897e-06 -4.787100000000000222e+01
1.492622999999999905e-06 -4.785600000000000165e+01
1.492676999999999913e-06 -4.782200000000000273e+01
1.492729999999999894e-06 -4.780100000000000193e+01
1.492783999999999902e-06 -4.772099999999999653e+01
1.492837999999999911e-06 -4.770100000000000051e+01
1.492891999999999919e-06 -4.770600000000000307e+01
1.492945999999999927e-06 -4.760799999999999699e+01
1.492998999999999908e-06 -4.747399999999999665e+01
1.493052999999999916e-06 -4.741299999999999670e+01
1.493106999999999925e-06 -4.750500000000000256e+01
1.493159999999999905e-06 -4.761099999999999710e+01
1.493213999999999914e-06 -4.764000000000000057e+01
1.493267999999999922e-06 -4.751700000000000301e+01
1.493321999999999930e-06 -4.745900000000000318e+01
1.493374999999999911e-06 -4.759899999999999665e+01
1.493428999999999919e-06 -4.759100000000000108e+01
1.493482999999999927e-06 -4.743500000000000227e+01
1.493536999999999936e-06 -4.738799999999999812e+01
1.493590999999999944e-06 -4.740500000000000114e+01
1.493643999999999925e-06 -4.740800000000000125e+01
1.493697999999999933e-06 -4.737700000000000244e+01
1.493751999999999941e-06 -4.730700000000000216e+01
1.493805999999999950e-06 -4.730799999999999983e+01
1.493858999999999930e-06 -4.737700000000000244e+01
1.493912999999999939e-06 -4.731499999999999773e+01
1.493966999999999947e-06 -4.713900000000000290e+01
1.494020999999999955e-06 -4.712899999999999778e+01
1.494074999999999963e-06 -4.718399999999999750e+01
1.494127999999999944e-06 -4.714399999999999835e+01
1.494181999999999952e-06 -4.717099999999999937e+01
1.494235999999999961e-06 -4.711699999999999733e+01
1.494289999999999969e-06 -4.698400000000000176e+01
1.494343999999999977e-06 -4.702799999999999869e+01
1.494397999999999986e-06 -4.704399999999999693e+01
1.494450999999999966e-06 -4.692600000000000193e+01
1.494504999999999975e-06 -4.689200000000000301e+01
1.494558999999999983e-06 -4.686999999999999744e+01
1.494612999999999991e-06 -4.680700000000000216e+01
1.494666999999999999e-06 -4.680199999999999960e+01
1.494721000000000008e-06 -4.682800000000000296e+01
1.494773999999999988e-06 -4.670799999999999841e+01
1.494827999999999997e-06 -4.657999999999999829e+01
1.494882000000000005e-06 -4.662599999999999767e+01
1.494936000000000013e-06 -4.672399999999999665e+01
1.494990000000000022e-06 -4.678999999999999915e+01
1.495044000000000030e-06 -4.681099999999999994e+01
1.495098000000000038e-06 -4.679999999999999716e+01
1.495152000000000046e-06 -4.681799999999999784e+01
1.495206000000000055e-06 -4.677799999999999869e+01
1.495259000000000035e-06 -4.671500000000000341e+01
1.495313000000000044e-06 -4.676500000000000057e+01
1.495367000000000052e-06 -4.682500000000000284e+01
1.495421000000000060e-06 -4.683100000000000307e+01
1.495475000000000069e-06 -4.677499999999999858e+01
1.495529000000000077e-06 -4.667499999999999716e+01
1.495583000000000085e-06 -4.660799999999999699e+01
1.495637000000000093e-06 -4.652300000000000324e+01
1.495691000000000102e-06 -4.639999999999999858e+01
1.495744999999999898e-06 -4.647399999999999665e+01
1.495798000000000091e-06 -4.662899999999999778e+01
1.495852000000000099e-06 -4.657600000000000051e+01
1.495905999999999896e-06 -4.645400000000000063e+01
1.495959999999999904e-06 -4.635999999999999943e+01
1.496013999999999912e-06 -4.634300000000000352e+01
1.496067999999999920e-06 -4.639200000000000301e+01
1.496121999999999929e-06 -4.636500000000000199e+01
1.496175999999999937e-06 -4.634499999999999886e+01
1.496229999999999945e-06 -4.637800000000000011e+01
1.496283999999999954e-06 -4.637199999999999989e+01
1.496337999999999962e-06 -4.635300000000000153e+01
1.496391999999999970e-06 -4.627600000000000335e+01
1.496445999999999979e-06 -4.621200000000000330e+01
1.496499999999999987e-06 -4.621900000000000119e+01
1.496553999999999995e-06 -4.613900000000000290e+01
1.496608000000000003e-06 -4.605299999999999727e+01
1.496662000000000012e-06 -4.611099999999999710e+01
1.496716000000000020e-06 -4.616700000000000159e+01
1.496770000000000028e-06 -4.610000000000000142e+01
1.496824000000000037e-06 -4.602400000000000091e+01
1.496878000000000045e-06 -4.597500000000000142e+01
1.496932000000000053e-06 -4.594800000000000040e+01
1.496986000000000061e-06 -4.586399999999999721e+01
1.497040000000000070e-06 -4.576800000000000068e+01
1.497094000000000078e-06 -4.583299999999999841e+01
1.497148000000000086e-06 -4.585099999999999909e+01
1.497202000000000095e-06 -4.581000000000000227e+01
1.497256000000000103e-06 -4.587800000000000011e+01
1.497309999999999899e-06 -4.590999999999999659e+01
1.497363999999999908e-06 -4.583599999999999852e+01
1.497417999999999916e-06 -4.571399999999999864e+01
1.497471999999999924e-06 -4.564800000000000324e+01
1.497526999999999960e-06 -4.563600000000000279e+01
1.497580999999999968e-06 -4.561999999999999744e+01
1.497634999999999977e-06 -4.563700000000000045e+01
1.497688999999999985e-06 -4.564300000000000068e+01
1.497742999999999993e-06 -4.559400000000000119e+01
1.497797000000000002e-06 -4.550000000000000000e+01
1.497851000000000010e-06 -4.545900000000000318e+01
1.497905000000000018e-06 -4.547099999999999653e+01
1.497959000000000027e-06 -4.543200000000000216e+01
1.498013000000000035e-06 -4.541599999999999682e+01
1.498067000000000043e-06 -4.537199999999999989e+01
1.498121000000000051e-06 -4.531199999999999761e+01
1.498175000000000060e-06 -4.534499999999999886e+01
1.498229000000000068e-06 -4.531000000000000227e+01
1.498284000000000104e-06 -4.528099999999999881e+01
1.498337999999999900e-06 -4.534400000000000119e+01
1.498391999999999909e-06 -4.534799999999999898e+01
1.498445999999999917e-06 -4.542199999999999704e+01
1.498499999999999925e-06 -4.554599999999999937e+01
1.498553999999999934e-06 -4.545700000000000074e+01
1.498607999999999942e-06 -4.532000000000000028e+01
1.498661999999999950e-06 -4.530400000000000205e+01
1.498716999999999986e-06 -4.524000000000000199e+01
1.498770999999999994e-06 -4.518299999999999983e+01
1.498825000000000003e-06 -4.522099999999999653e+01
1.498879000000000011e-06 -4.530400000000000205e+01
1.498933000000000019e-06 -4.531600000000000250e+01
1.498988000000000055e-06 -4.523599999999999710e+01
1.499042000000000063e-06 -4.520499999999999829e+01
1.499096000000000072e-06 -4.522599999999999909e+01
1.499150000000000080e-06 -4.519400000000000261e+01
1.499204000000000088e-06 -4.505599999999999739e+01
1.499258000000000097e-06 -4.501899999999999835e+01
1.499312000000000105e-06 -4.507200000000000273e+01
1.499366999999999929e-06 -4.500300000000000011e+01
1.499420999999999937e-06 -4.492999999999999972e+01
1.499474999999999946e-06 -4.494400000000000261e+01
1.499528999999999954e-06 -4.496900000000000119e+01
1.499583999999999990e-06 -4.495799999999999841e+01
1.499637999999999998e-06 -4.489900000000000091e+01
1.499692000000000006e-06 -4.482900000000000063e+01
1.499746000000000015e-06 -4.482500000000000284e+01
1.499800000000000023e-06 -4.484000000000000341e+01
1.499855000000000059e-06 -4.479200000000000159e+01
1.499909000000000067e-06 -4.472099999999999653e+01
1.499963000000000075e-06 -4.474000000000000199e+01
1.500017000000000084e-06 -4.483899999999999864e+01
1.500071999999999908e-06 -4.482399999999999807e+01
1.500125999999999916e-06 -4.469700000000000273e+01
1.500179999999999924e-06 -4.457300000000000040e+01
1.500233999999999933e-06 -4.452700000000000102e+01
1.500288999999999969e-06 -4.455199999999999960e+01
1.500342999999999977e-06 -4.454299999999999926e+01
1.500396999999999985e-06 -4.446900000000000119e+01
1.500450999999999994e-06 -4.443800000000000239e+01
1.500506000000000029e-06 -4.450600000000000023e+01
1.500560000000000038e-06 -4.453699999999999903e+01
1.500614000000000046e-06 -4.449099999999999966e+01
1.500669000000000082e-06 -4.444500000000000028e+01
1.500723000000000090e-06 -4.444700000000000273e+01
1.500777000000000098e-06 -4.447299999999999898e+01
1.500830999999999895e-06 -4.446200000000000330e+01
1.500885999999999931e-06 -4.447299999999999898e+01
1.500939999999999939e-06 -4.442499999999999716e+01
1.500993999999999948e-06 -4.432000000000000028e+01
1.501048999999999983e-06 -4.429299999999999926e+01
1.501102999999999992e-06 -4.430400000000000205e+01
1.501157000000000000e-06 -4.434199999999999875e+01
1.501212000000000036e-06 -4.435099999999999909e+01
1.501266000000000044e-06 -4.428600000000000136e+01
1.501320000000000052e-06 -4.426400000000000290e+01
1.501375000000000088e-06 -4.426700000000000301e+01
1.501429000000000097e-06 -4.428399999999999892e+01
1.501483000000000105e-06 -4.431400000000000006e+01
1.501537999999999929e-06 -4.430100000000000193e+01
1.501591999999999937e-06 -4.428000000000000114e+01
1.501645999999999946e-06 -4.421300000000000097e+01
1.501700999999999982e-06 -4.406600000000000250e+01
1.501754999999999990e-06 -4.401700000000000301e+01
1.501808999999999998e-06 -4.410000000000000142e+01
1.501864000000000034e-06 -4.410099999999999909e+01
1.501918000000000042e-06 -4.403399999999999892e+01
1.501972000000000051e-06 -4.400600000000000023e+01
1.502027000000000087e-06 -4.395499999999999829e+01
1.502081000000000095e-06 -4.390400000000000347e+01
1.502135999999999919e-06 -4.391199999999999903e+01
1.502189999999999927e-06 -4.390400000000000347e+01
1.502243999999999936e-06 -4.388499999999999801e+01
1.502298999999999971e-06 -4.386399999999999721e+01
1.502352999999999980e-06 -4.384000000000000341e+01
1.502408000000000016e-06 -4.387899999999999778e+01
1.502462000000000024e-06 -4.384400000000000119e+01
1.502517000000000060e-06 -4.372800000000000153e+01
1.502571000000000068e-06 -4.369800000000000040e+01
1.502625000000000076e-06 -4.368599999999999994e+01
1.502679999999999901e-06 -4.365500000000000114e+01
1.502733999999999909e-06 -4.366400000000000148e+01
1.502788999999999945e-06 -4.363300000000000267e+01
1.502842999999999953e-06 -4.358200000000000074e+01
1.502896999999999961e-06 -4.360600000000000165e+01
1.502951999999999997e-06 -4.362100000000000222e+01
1.503007000000000033e-06 -4.355100000000000193e+01
1.503061000000000041e-06 -4.346800000000000352e+01
1.503115000000000050e-06 -4.344400000000000261e+01
1.503170000000000086e-06 -4.348199999999999932e+01
1.503224000000000094e-06 -4.351100000000000279e+01
1.503278999999999918e-06 -4.342399999999999949e+01
1.503332999999999926e-06 -4.328900000000000148e+01
1.503387999999999962e-06 -4.328099999999999881e+01
1.503441999999999970e-06 -4.334499999999999886e+01
1.503497000000000006e-06 -4.334199999999999875e+01
1.503551000000000015e-06 -4.329800000000000182e+01
1.503606000000000051e-06 -4.329299999999999926e+01
1.503660000000000059e-06 -4.328900000000000148e+01
1.503715000000000095e-06 -4.323599999999999710e+01
1.503769000000000103e-06 -4.318999999999999773e+01
1.503823999999999927e-06 -4.312100000000000222e+01
1.503877999999999935e-06 -4.305700000000000216e+01
1.503932999999999971e-06 -4.308700000000000330e+01
1.503986999999999980e-06 -4.314200000000000301e+01
1.504042000000000016e-06 -4.321800000000000352e+01
1.504096000000000024e-06 -4.325000000000000000e+01
1.504151000000000060e-06 -4.318500000000000227e+01
1.504205000000000068e-06 -4.312700000000000244e+01
1.504260000000000104e-06 -4.307099999999999795e+01
1.504314999999999928e-06 -4.304500000000000171e+01
1.504368999999999936e-06 -4.308899999999999864e+01
1.504423999999999972e-06 -4.310399999999999920e+01
1.504477999999999981e-06 -4.307399999999999807e+01
1.504533000000000016e-06 -4.304099999999999682e+01
1.504587000000000025e-06 -4.295000000000000284e+01
1.504642000000000061e-06 -4.288300000000000267e+01
1.504696000000000069e-06 -4.289200000000000301e+01
1.504751000000000105e-06 -4.282900000000000063e+01
1.504805999999999929e-06 -4.275500000000000256e+01
1.504859999999999937e-06 -4.275399999999999778e+01
1.504914999999999973e-06 -4.275900000000000034e+01
1.504968999999999981e-06 -4.273599999999999710e+01
1.505024000000000017e-06 -4.268599999999999994e+01
1.505079000000000053e-06 -4.262899999999999778e+01
1.505133000000000062e-06 -4.258899999999999864e+01
1.505188000000000097e-06 -4.257699999999999818e+01
1.505242000000000106e-06 -4.253000000000000114e+01
1.505296999999999930e-06 -4.245100000000000051e+01
1.505351999999999966e-06 -4.243200000000000216e+01
1.505405999999999974e-06 -4.243900000000000006e+01
1.505461000000000010e-06 -4.239999999999999858e+01
1.505516000000000046e-06 -4.235699999999999932e+01
1.505570000000000054e-06 -4.236699999999999733e+01
1.505625000000000090e-06 -4.236500000000000199e+01
1.505679999999999914e-06 -4.232500000000000284e+01
1.505733999999999922e-06 -4.229699999999999704e+01
1.505788999999999958e-06 -4.226100000000000279e+01
1.505843999999999994e-06 -4.221000000000000085e+01
1.505898000000000003e-06 -4.218399999999999750e+01
1.505953000000000038e-06 -4.219200000000000017e+01
1.506007000000000047e-06 -4.217099999999999937e+01
1.506062000000000083e-06 -4.211899999999999977e+01
1.506116999999999907e-06 -4.211599999999999966e+01
1.506170999999999915e-06 -4.211299999999999955e+01
1.506225999999999951e-06 -4.207999999999999829e+01
1.506280999999999987e-06 -4.206400000000000006e+01
1.506336000000000023e-06 -4.201899999999999835e+01
1.506390000000000031e-06 -4.197200000000000131e+01
1.506445000000000067e-06 -4.199699999999999989e+01
1.506500000000000103e-06 -4.201500000000000057e+01
1.506553999999999899e-06 -4.200000000000000000e+01
1.506608999999999935e-06 -4.198299999999999699e+01
1.506663999999999971e-06 -4.192600000000000193e+01
1.506719000000000007e-06 -4.189699999999999847e+01
1.506773000000000015e-06 -4.188600000000000279e+01
1.506828000000000051e-06 -4.181499999999999773e+01
1.506883000000000087e-06 -4.179699999999999704e+01
1.506937000000000095e-06 -4.183500000000000085e+01
1.506991999999999920e-06 -4.181400000000000006e+01
1.507046999999999955e-06 -4.180100000000000193e+01
1.507101999999999991e-06 -4.180100000000000193e+01
1.507157000000000027e-06 -4.175500000000000256e+01
1.507211000000000036e-06 -4.168999999999999773e+01
1.507266000000000071e-06 -4.160600000000000165e+01
1.507320999999999896e-06 -4.154699999999999704e+01
1.507375999999999931e-06 -4.155799999999999983e+01
1.507429999999999940e-06 -4.157699999999999818e+01
1.507484999999999976e-06 -4.155299999999999727e+01
1.507540000000000012e-06 -4.149600000000000222e+01
1.507595000000000047e-06 -4.143999999999999773e+01
1.507650000000000083e-06 -4.141100000000000136e+01
1.507704000000000092e-06 -4.139800000000000324e+01
1.507758999999999916e-06 -4.136800000000000210e+01
1.507813999999999952e-06 -4.133800000000000097e+01
1.507868999999999988e-06 -4.136200000000000188e+01
1.507922999999999996e-06 -4.135600000000000165e+01
1.507978000000000032e-06 -4.127600000000000335e+01
1.508033000000000068e-06 -4.121600000000000108e+01
1.508088000000000104e-06 -4.121600000000000108e+01
1.508142999999999928e-06 -4.121699999999999875e+01
1.508197999999999964e-06 -4.117999999999999972e+01
1.508251999999999972e-06 -4.113499999999999801e+01
1.508307000000000008e-06 -4.108899999999999864e+01
1.508362000000000044e-06 -4.105899999999999750e+01
1.508417000000000080e-06 -4.104800000000000182e+01
1.508471999999999904e-06 -4.103199999999999648e+01
1.508526999999999940e-06 -4.099699999999999989e+01
1.508580999999999948e-06 -4.095700000000000074e+01
1.508635999999999984e-06 -4.092699999999999960e+01
1.508691000000000020e-06 -4.087700000000000244e+01
1.508746000000000056e-06 -4.086399999999999721e+01
1.508801000000000091e-06 -4.089900000000000091e+01
1.508855999999999916e-06 -4.088499999999999801e+01
1.508910999999999951e-06 -4.084199999999999875e+01
1.508965999999999987e-06 -4.082600000000000051e+01
1.509021000000000023e-06 -4.080199999999999960e+01
1.509076000000000059e-06 -4.073799999999999955e+01
1.509130000000000067e-06 -4.068900000000000006e+01
1.509185000000000103e-06 -4.068900000000000006e+01
1.509239999999999928e-06 -4.068299999999999983e+01
1.509294999999999963e-06 -4.064600000000000080e+01
1.509349999999999999e-06 -4.060900000000000176e+01
1.509405000000000035e-06 -4.057000000000000028e+01
1.509460000000000071e-06 -4.054399999999999693e+01
1.509514999999999895e-06 -4.055499999999999972e+01
1.509569999999999931e-06 -4.055499999999999972e+01
1.509624999999999967e-06 -4.051599999999999824e+01
1.509680000000000003e-06 -4.046500000000000341e+01
1.509734000000000011e-06 -4.043500000000000227e+01
1.509790000000000075e-06 -4.041899999999999693e+01
1.509844000000000083e-06 -4.039900000000000091e+01
1.509898999999999907e-06 -4.039099999999999824e+01
1.509953999999999943e-06 -4.036899999999999977e+01
1.510008999999999979e-06 -4.031900000000000261e+01
1.510064000000000015e-06 -4.027499999999999858e+01
1.510119000000000051e-06 -4.024799999999999756e+01
1.510174000000000087e-06 -4.025000000000000000e+01
1.510228999999999911e-06 -4.025000000000000000e+01
1.510283999999999947e-06 -4.022500000000000142e+01
1.510338999999999983e-06 -4.018500000000000227e+01
1.510394000000000018e-06 -4.012500000000000000e+01
1.510449000000000054e-06 -4.007600000000000051e+01
1.510504000000000090e-06 -4.004800000000000182e+01
1.510558999999999914e-06 -4.003799999999999670e+01
1.510613999999999950e-06 -4.002799999999999869e+01
1.510668999999999986e-06 -3.998899999999999721e+01
1.510724000000000022e-06 -3.993800000000000239e+01
1.510779000000000058e-06 -3.988700000000000045e+01
1.510834000000000094e-06 -3.985900000000000176e+01
1.510888999999999918e-06 -3.985399999999999920e+01
1.510943999999999954e-06 -3.985000000000000142e+01
1.510998999999999990e-06 -3.982000000000000028e+01
1.511054000000000026e-06 -3.975900000000000034e+01
1.511109000000000062e-06 -3.970199999999999818e+01
1.511164000000000097e-06 -3.968099999999999739e+01
1.511218999999999922e-06 -3.967999999999999972e+01
1.511273999999999958e-06 -3.964600000000000080e+01
1.511330000000000021e-06 -3.960300000000000153e+01
1.511385000000000057e-06 -3.956400000000000006e+01
1.511440000000000093e-06 -3.954399999999999693e+01
1.511494999999999917e-06 -3.953600000000000136e+01
1.511549999999999953e-06 -3.952100000000000080e+01
1.511604999999999989e-06 -3.948599999999999710e+01
1.511660000000000025e-06 -3.943399999999999750e+01
1.511715000000000061e-06 -3.940899999999999892e+01
1.511770000000000096e-06 -3.941700000000000159e+01
1.511824999999999921e-06 -3.938300000000000267e+01
1.511879999999999956e-06 -3.932399999999999807e+01
1.511934999999999992e-06 -3.929899999999999949e+01
1.511991000000000056e-06 -3.928900000000000148e+01
1.512046000000000092e-06 -3.927600000000000335e+01
1.512100999999999916e-06 -3.925399999999999778e+01
1.512155999999999952e-06 -3.921000000000000085e+01
1.512210999999999988e-06 -3.916599999999999682e+01
1.512266000000000024e-06 -3.915299999999999869e+01
1.512321000000000059e-06 -3.915800000000000125e+01
1.512376999999999911e-06 -3.913000000000000256e+01
1.512431999999999947e-06 -3.906199999999999761e+01
1.512486999999999983e-06 -3.901899999999999835e+01
1.512542000000000019e-06 -3.902400000000000091e+01
1.512597000000000055e-06 -3.903199999999999648e+01
1.512652000000000091e-06 -3.899000000000000199e+01
1.512706999999999915e-06 -3.891799999999999926e+01
1.512762999999999978e-06 -3.889000000000000057e+01
1.512818000000000014e-06 -3.891599999999999682e+01
1.512873000000000050e-06 -3.893099999999999739e+01
1.512928000000000086e-06 -3.889200000000000301e+01
1.512982999999999910e-06 -3.883200000000000074e+01
1.513037999999999946e-06 -3.877400000000000091e+01
1.513094000000000010e-06 -3.873599999999999710e+01
1.513149000000000045e-06 -3.872599999999999909e+01
1.513204000000000081e-06 -3.870100000000000051e+01
1.513258999999999905e-06 -3.866899999999999693e+01
1.513313999999999941e-06 -3.865899999999999892e+01
1.513370000000000005e-06 -3.863799999999999812e+01
1.513425000000000041e-06 -3.860099999999999909e+01
1.513480000000000077e-06 -3.856099999999999994e+01
1.513534999999999901e-06 -3.851299999999999812e+01
1.513589999999999937e-06 -3.847599999999999909e+01
1.513646000000000000e-06 -3.846900000000000119e+01
1.513701000000000036e-06 -3.847099999999999653e+01
1.513756000000000072e-06 -3.843200000000000216e+01
1.513810999999999896e-06 -3.837299999999999756e+01
1.513866999999999960e-06 -3.835999999999999943e+01
1.513921999999999996e-06 -3.837500000000000000e+01
1.513977000000000031e-06 -3.834899999999999665e+01
1.514032000000000067e-06 -3.829899999999999949e+01
1.514087999999999919e-06 -3.827700000000000102e+01
1.514142999999999955e-06 -3.825800000000000267e+01
1.514197999999999991e-06 -3.822899999999999920e+01
1.514254000000000054e-06 -3.821099999999999852e+01
1.514309000000000090e-06 -3.820199999999999818e+01
1.514363999999999914e-06 -3.817699999999999960e+01
1.514418999999999950e-06 -3.813900000000000290e+01
1.514475000000000014e-06 -3.811599999999999966e+01
1.514530000000000050e-06 -3.809700000000000131e+01
1.514585000000000086e-06 -3.807399999999999807e+01
1.514639999999999910e-06 -3.806099999999999994e+01
1.514695999999999973e-06 -3.804899999999999949e+01
1.514751000000000009e-06 -3.802100000000000080e+01
1.514806000000000045e-06 -3.798599999999999710e+01
1.514861999999999897e-06 -3.797999999999999687e+01
1.514916999999999933e-06 -3.795700000000000074e+01
1.514971999999999969e-06 -3.793299999999999983e+01
1.515028000000000032e-06 -3.792900000000000205e+01
1.515083000000000068e-06 -3.791899999999999693e+01
1.515138000000000104e-06 -3.789800000000000324e+01
1.515193999999999956e-06 -3.785600000000000165e+01
1.515248999999999991e-06 -3.781099999999999994e+01
1.515304000000000027e-06 -3.778799999999999670e+01
1.515360000000000091e-06 -3.777400000000000091e+01
1.515414999999999915e-06 -3.775500000000000256e+01
1.515469999999999951e-06 -3.770700000000000074e+01
1.515526000000000014e-06 -3.765400000000000347e+01
1.515581000000000050e-06 -3.763400000000000034e+01
1.515636000000000086e-06 -3.764500000000000313e+01
1.515691999999999938e-06 -3.764699999999999847e+01
1.515746999999999974e-06 -3.759300000000000352e+01
1.515803000000000037e-06 -3.752100000000000080e+01
1.515858000000000073e-06 -3.749600000000000222e+01
1.515912999999999897e-06 -3.752199999999999847e+01
1.515968999999999961e-06 -3.753499999999999659e+01
1.516023999999999997e-06 -3.747999999999999687e+01
1.516080000000000060e-06 -3.740200000000000102e+01
1.516135000000000096e-06 -3.737800000000000011e+01
1.516190999999999948e-06 -3.738600000000000279e+01
1.516245999999999984e-06 -3.737100000000000222e+01
1.516301000000000020e-06 -3.732699999999999818e+01
1.516357000000000083e-06 -3.727700000000000102e+01
1.516411999999999907e-06 -3.724000000000000199e+01
1.516467999999999971e-06 -3.722899999999999920e+01
1.516523000000000007e-06 -3.723799999999999955e+01
1.516579000000000070e-06 -3.721699999999999875e+01
1.516633999999999894e-06 -3.717000000000000171e+01
1.516688999999999930e-06 -3.714500000000000313e+01
1.516744999999999994e-06 -3.713700000000000045e+01
1.516800000000000030e-06 -3.713300000000000267e+01
1.516856000000000093e-06 -3.712299999999999756e+01
1.516910999999999917e-06 -3.708700000000000330e+01
1.516966999999999981e-06 -3.703600000000000136e+01
1.517022000000000017e-06 -3.700099999999999767e+01
1.517078000000000080e-06 -3.699600000000000222e+01
1.517132999999999904e-06 -3.699900000000000233e+01
1.517188999999999968e-06 -3.697500000000000142e+01
1.517244000000000004e-06 -3.693599999999999994e+01
1.517300000000000067e-06 -3.690400000000000347e+01
1.517355000000000103e-06 -3.688100000000000023e+01
1.517410999999999955e-06 -3.686999999999999744e+01
1.517465999999999991e-06 -3.685999999999999943e+01
1.517522000000000054e-06 -3.684000000000000341e+01
1.517577000000000090e-06 -3.680899999999999750e+01
1.517632999999999942e-06 -3.677900000000000347e+01
1.517687999999999978e-06 -3.676599999999999824e+01
1.517744000000000041e-06 -3.676100000000000279e+01
1.517799000000000077e-06 -3.674099999999999966e+01
1.517854999999999929e-06 -3.670400000000000063e+01
1.517909999999999965e-06 -3.666599999999999682e+01
1.517966000000000028e-06 -3.665100000000000335e+01
1.518021000000000064e-06 -3.664900000000000091e+01
1.518076999999999916e-06 -3.663400000000000034e+01
1.518131999999999952e-06 -3.661599999999999966e+01
1.518188000000000015e-06 -3.658100000000000307e+01
1.518244000000000079e-06 -3.652499999999999858e+01
1.518298999999999903e-06 -3.647999999999999687e+01
1.518354999999999966e-06 -3.647399999999999665e+01
1.518410000000000002e-06 -3.650300000000000011e+01
1.518466000000000066e-06 -3.649399999999999977e+01
1.518521999999999918e-06 -3.641499999999999915e+01
1.518576999999999953e-06 -3.632600000000000051e+01
1.518633000000000017e-06 -3.630599999999999739e+01
1.518688000000000053e-06 -3.633700000000000330e+01
1.518743999999999905e-06 -3.633400000000000318e+01
1.518799999999999968e-06 -3.628300000000000125e+01
1.518855000000000004e-06 -3.621900000000000119e+01
1.518911000000000068e-06 -3.618299999999999983e+01
1.518966000000000103e-06 -3.619299999999999784e+01
1.519021999999999955e-06 -3.619800000000000040e+01
1.519078000000000019e-06 -3.615100000000000335e+01
1.519133000000000055e-06 -3.608599999999999852e+01
1.519188999999999906e-06 -3.606099999999999994e+01
1.519244999999999970e-06 -3.607099999999999795e+01
1.519300000000000006e-06 -3.606499999999999773e+01
1.519356000000000069e-06 -3.601899999999999835e+01
1.519411000000000105e-06 -3.596399999999999864e+01
1.519466999999999957e-06 -3.594299999999999784e+01
1.519523000000000020e-06 -3.595400000000000063e+01
1.519578000000000056e-06 -3.594500000000000028e+01
1.519633999999999908e-06 -3.590699999999999648e+01
1.519689999999999971e-06 -3.588100000000000023e+01
1.519745000000000007e-06 -3.588300000000000267e+01
1.519801000000000071e-06 -3.588100000000000023e+01
1.519856999999999923e-06 -3.585199999999999676e+01
1.519912999999999986e-06 -3.582099999999999795e+01
1.519968000000000022e-06 -3.580799999999999983e+01
1.520024000000000085e-06 -3.579299999999999926e+01
1.520079999999999937e-06 -3.576700000000000301e+01
1.520134999999999973e-06 -3.574600000000000222e+01
1.520191000000000037e-06 -3.573199999999999932e+01
1.520247000000000100e-06 -3.571399999999999864e+01
1.520301999999999924e-06 -3.569200000000000017e+01
1.520357999999999988e-06 -3.567699999999999960e+01
1.520414000000000051e-06 -3.566700000000000159e+01
1.520469999999999903e-06 -3.565200000000000102e+01
1.520524999999999939e-06 -3.563600000000000279e+01
1.520581000000000002e-06 -3.562800000000000011e+01
1.520637000000000066e-06 -3.560300000000000153e+01
1.520692000000000102e-06 -3.556499999999999773e+01
1.520747999999999954e-06 -3.555599999999999739e+01
1.520804000000000017e-06 -3.556300000000000239e+01
1.520860000000000081e-06 -3.553499999999999659e+01
1.520914999999999905e-06 -3.547699999999999676e+01
1.520970999999999968e-06 -3.543500000000000227e+01
1.521027000000000032e-06 -3.543500000000000227e+01
1.521083000000000095e-06 -3.546000000000000085e+01
1.521138999999999947e-06 -3.545300000000000296e+01
1.521193999999999983e-06 -3.538900000000000290e+01
1.521250000000000046e-06 -3.532999999999999829e+01
1.521305999999999898e-06 -3.531600000000000250e+01
1.521361999999999962e-06 -3.533500000000000085e+01
1.521418000000000025e-06 -3.533100000000000307e+01
1.521473000000000061e-06 -3.526599999999999824e+01
1.521528999999999913e-06 -3.519700000000000273e+01
1.521584999999999976e-06 -3.518399999999999750e+01
1.521641000000000040e-06 -3.519700000000000273e+01
1.521697000000000103e-06 -3.518099999999999739e+01
1.521751999999999927e-06 -3.513600000000000279e+01
1.521807999999999991e-06 -3.510099999999999909e+01
1.521864000000000054e-06 -3.508100000000000307e+01
1.521919999999999906e-06 -3.505899999999999750e+01
1.521975999999999970e-06 -3.503399999999999892e+01
1.522032000000000033e-06 -3.499799999999999756e+01
1.522087000000000069e-06 -3.498100000000000165e+01
1.522142999999999921e-06 -3.498400000000000176e+01
1.522198999999999984e-06 -3.496800000000000352e+01
1.522255000000000048e-06 -3.492000000000000171e+01
1.522310999999999899e-06 -3.487599999999999767e+01
1.522366999999999963e-06 -3.487400000000000233e+01
1.522423000000000026e-06 -3.489500000000000313e+01
1.522478000000000062e-06 -3.488600000000000279e+01
1.522533999999999914e-06 -3.483599999999999852e+01
1.522589999999999978e-06 -3.478399999999999892e+01
1.522646000000000041e-06 -3.477900000000000347e+01
1.522702000000000105e-06 -3.480899999999999750e+01
1.522757999999999956e-06 -3.480299999999999727e+01
1.522814000000000020e-06 -3.475200000000000244e+01
1.522870000000000083e-06 -3.471099999999999852e+01
1.522925999999999935e-06 -3.471800000000000352e+01
1.522981999999999999e-06 -3.474499999999999744e+01
1.523037000000000034e-06 -3.473899999999999721e+01
1.523093000000000098e-06 -3.469200000000000017e+01
1.523148999999999950e-06 -3.464300000000000068e+01
1.523205000000000013e-06 -3.463499999999999801e+01
1.523261000000000077e-06 -3.466799999999999926e+01
1.523316999999999928e-06 -3.468399999999999750e+01
1.523372999999999992e-06 -3.463799999999999812e+01
1.523429000000000055e-06 -3.456900000000000261e+01
1.523484999999999907e-06 -3.454599999999999937e+01
1.523540999999999971e-06 -3.458400000000000318e+01
1.523597000000000034e-06 -3.461500000000000199e+01
1.523653000000000098e-06 -3.457800000000000296e+01
1.523708999999999949e-06 -3.451500000000000057e+01
1.523765000000000013e-06 -3.448499999999999943e+01
1.523821000000000076e-06 -3.449300000000000210e+01
1.523876999999999928e-06 -3.450300000000000011e+01
1.523932999999999992e-06 -3.448499999999999943e+01
1.523989000000000055e-06 -3.444200000000000017e+01
1.524044999999999907e-06 -3.440100000000000335e+01
1.524100999999999970e-06 -3.438700000000000045e+01
1.524156000000000006e-06 -3.438700000000000045e+01
1.524213000000000097e-06 -3.436699999999999733e+01
1.524268999999999949e-06 -3.432999999999999829e+01
1.524325000000000013e-06 -3.431700000000000017e+01
1.524381000000000076e-06 -3.431900000000000261e+01
1.524436999999999928e-06 -3.429099999999999682e+01
1.524492999999999991e-06 -3.424199999999999733e+01
1.524549000000000055e-06 -3.420900000000000318e+01
1.524604999999999907e-06 -3.421200000000000330e+01
1.524660999999999970e-06 -3.422999999999999687e+01
1.524717000000000034e-06 -3.421300000000000097e+01
1.524773000000000097e-06 -3.415400000000000347e+01
1.524828999999999949e-06 -3.409899999999999665e+01
1.524885000000000012e-06 -3.407999999999999829e+01
1.524941000000000076e-06 -3.410799999999999699e+01
1.524996999999999928e-06 -3.413400000000000034e+01
1.525052999999999991e-06 -3.410000000000000142e+01
1.525109000000000055e-06 -3.403600000000000136e+01
1.525164999999999906e-06 -3.400000000000000000e+01
1.525220999999999970e-06 -3.401200000000000045e+01
1.525277000000000033e-06 -3.404399999999999693e+01
1.525333999999999913e-06 -3.403699999999999903e+01
1.525389999999999976e-06 -3.398799999999999955e+01
1.525446000000000040e-06 -3.393900000000000006e+01
1.525502000000000103e-06 -3.391700000000000159e+01
1.525557999999999955e-06 -3.396800000000000352e+01
1.525614000000000018e-06 -3.399699999999999989e+01
1.525670000000000082e-06 -3.396600000000000108e+01
1.525725999999999934e-06 -3.390100000000000335e+01
1.525781999999999997e-06 -3.387599999999999767e+01
1.525838000000000061e-06 -3.390899999999999892e+01
1.525894999999999940e-06 -3.393699999999999761e+01
1.525951000000000003e-06 -3.392099999999999937e+01
1.526007000000000067e-06 -3.388100000000000023e+01
1.526062999999999919e-06 -3.385399999999999920e+01
1.526118999999999982e-06 -3.386299999999999955e+01
1.526175000000000046e-06 -3.388300000000000267e+01
1.526230999999999897e-06 -3.387100000000000222e+01
1.526287999999999989e-06 -3.383700000000000330e+01
1.526344000000000052e-06 -3.381400000000000006e+01
1.526399999999999904e-06 -3.381799999999999784e+01
1.526455999999999967e-06 -3.384400000000000119e+01
1.526512000000000031e-06 -3.385300000000000153e+01
1.526568000000000094e-06 -3.381600000000000250e+01
1.526623999999999946e-06 -3.375800000000000267e+01
1.526681000000000037e-06 -3.373499999999999943e+01
1.526737000000000101e-06 -3.377199999999999847e+01
1.526792999999999952e-06 -3.382399999999999807e+01
1.526849000000000016e-06 -3.381300000000000239e+01
1.526905999999999895e-06 -3.372999999999999687e+01
1.526961999999999959e-06 -3.366100000000000136e+01
1.527018000000000022e-06 -3.367699999999999960e+01
1.527074000000000086e-06 -3.374600000000000222e+01
1.527129999999999937e-06 -3.376200000000000045e+01
1.527187000000000029e-06 -3.368599999999999994e+01
1.527243000000000092e-06 -3.359599999999999653e+01
1.527298999999999944e-06 -3.359400000000000119e+01
1.527355000000000007e-06 -3.365999999999999659e+01
1.527411000000000071e-06 -3.368200000000000216e+01
1.527467999999999950e-06 -3.361200000000000188e+01
1.527524000000000014e-06 -3.353600000000000136e+01
1.527580000000000077e-06 -3.354699999999999704e+01
1.527636999999999957e-06 -3.360099999999999909e+01
1.527693000000000020e-06 -3.360399999999999920e+01
1.527749000000000084e-06 -3.353699999999999903e+01
1.527804999999999935e-06 -3.346600000000000108e+01
1.527862000000000026e-06 -3.346399999999999864e+01
1.527918000000000090e-06 -3.351800000000000068e+01
1.527973999999999942e-06 -3.354399999999999693e+01
1.528030000000000005e-06 -3.349199999999999733e+01
1.528087000000000096e-06 -3.341199999999999903e+01
1.528142999999999948e-06 -3.339200000000000301e+01
1.528199000000000011e-06 -3.344700000000000273e+01
1.528255000000000075e-06 -3.349900000000000233e+01
1.528311999999999954e-06 -3.347500000000000142e+01
1.528368000000000018e-06 -3.340100000000000335e+01
1.528424000000000081e-06 -3.337100000000000222e+01
1.528480999999999961e-06 -3.340599999999999881e+01
1.528537000000000024e-06 -3.343399999999999750e+01
1.528593000000000088e-06 -3.342000000000000171e+01
1.528649999999999967e-06 -3.339699999999999847e+01
1.528706000000000030e-06 -3.338900000000000290e+01
1.528762000000000094e-06 -3.338600000000000279e+01
1.528818999999999973e-06 -3.337700000000000244e+01
1.528875000000000037e-06 -3.336299999999999955e+01
1.528931000000000100e-06 -3.336099999999999710e+01
1.528987999999999980e-06 -3.338000000000000256e+01
1.529044000000000043e-06 -3.339399999999999835e+01
1.529100999999999923e-06 -3.336800000000000210e+01
1.529156999999999986e-06 -3.333299999999999841e+01
1.529213000000000050e-06 -3.334300000000000352e+01
1.529269999999999929e-06 -3.338300000000000267e+01
1.529325999999999992e-06 -3.339300000000000068e+01
1.529382000000000056e-06 -3.336099999999999710e+01
1.529438999999999935e-06 -3.333700000000000330e+01
1.529494999999999999e-06 -3.335600000000000165e+01
1.529551000000000062e-06 -3.338700000000000045e+01
1.529607999999999942e-06 -3.338600000000000279e+01
1.529664000000000005e-06 -3.335600000000000165e+01
1.529721000000000096e-06 -3.334700000000000131e+01
1.529776999999999948e-06 -3.336399999999999721e+01
1.529834000000000039e-06 -3.336899999999999977e+01
1.529890000000000102e-06 -3.334000000000000341e+01
1.529945999999999954e-06 -3.330700000000000216e+01
1.530003000000000045e-06 -3.330799999999999983e+01
1.530058999999999897e-06 -3.332200000000000273e+01
1.530115999999999988e-06 -3.331400000000000006e+01
1.530172000000000052e-06 -3.328000000000000114e+01
1.530228999999999931e-06 -3.325200000000000244e+01
1.530284999999999995e-06 -3.325200000000000244e+01
1.530341000000000058e-06 -3.326500000000000057e+01
1.530397999999999937e-06 -3.324900000000000233e+01
1.530454000000000001e-06 -3.321099999999999852e+01
1.530511000000000092e-06 -3.319700000000000273e+01
1.530566999999999944e-06 -3.320900000000000318e+01
1.530624000000000035e-06 -3.320700000000000074e+01
1.530680000000000098e-06 -3.317699999999999960e+01
1.530736999999999978e-06 -3.315299999999999869e+01
1.530793000000000041e-06 -3.316100000000000136e+01
1.530849999999999921e-06 -3.316199999999999903e+01
1.530905999999999984e-06 -3.312400000000000233e+01
1.530963000000000075e-06 -3.309899999999999665e+01
1.531018999999999927e-06 -3.311899999999999977e+01
1.531076000000000018e-06 -3.313499999999999801e+01
1.531132000000000081e-06 -3.310600000000000165e+01
1.531188999999999961e-06 -3.306499999999999773e+01
1.531245000000000024e-06 -3.307300000000000040e+01
1.531301999999999904e-06 -3.312299999999999756e+01
1.531357999999999967e-06 -3.313600000000000279e+01
1.531415000000000058e-06 -3.308700000000000330e+01
1.531470999999999910e-06 -3.303900000000000148e+01
1.531528000000000001e-06 -3.305400000000000205e+01
1.531585000000000092e-06 -3.311399999999999721e+01
1.531640999999999944e-06 -3.312400000000000233e+01
1.531698000000000035e-06 -3.305100000000000193e+01
1.531754000000000099e-06 -3.299600000000000222e+01
1.531810999999999978e-06 -3.304099999999999682e+01
1.531867000000000041e-06 -3.313000000000000256e+01
1.531923999999999921e-06 -3.314800000000000324e+01
1.531979999999999984e-06 -3.307399999999999807e+01
1.532037000000000075e-06 -3.301200000000000045e+01
1.532093999999999955e-06 -3.304500000000000171e+01
1.532150000000000018e-06 -3.312599999999999767e+01
1.532206999999999898e-06 -3.315100000000000335e+01
1.532262999999999961e-06 -3.311299999999999955e+01
1.532320000000000052e-06 -3.306700000000000017e+01
1.532375999999999904e-06 -3.305599999999999739e+01
1.532432999999999995e-06 -3.309100000000000108e+01
1.532490000000000086e-06 -3.313100000000000023e+01
1.532545999999999938e-06 -3.312899999999999778e+01
1.532603000000000029e-06 -3.308700000000000330e+01
1.532659999999999908e-06 -3.304500000000000171e+01
1.532715999999999972e-06 -3.302900000000000347e+01
1.532773000000000063e-06 -3.306300000000000239e+01
1.532829999999999942e-06 -3.308800000000000097e+01
1.532886000000000006e-06 -3.306799999999999784e+01
1.532943000000000097e-06 -3.301299999999999812e+01
1.532998999999999949e-06 -3.297099999999999653e+01
1.533056000000000040e-06 -3.297800000000000153e+01
1.533112999999999919e-06 -3.301400000000000290e+01
1.533168999999999983e-06 -3.301800000000000068e+01
1.533226000000000074e-06 -3.297200000000000131e+01
1.533282999999999953e-06 -3.291799999999999926e+01
1.533340000000000044e-06 -3.290299999999999869e+01
1.533395999999999896e-06 -3.292499999999999716e+01
1.533452999999999987e-06 -3.294400000000000261e+01
1.533509000000000050e-06 -3.291700000000000159e+01
1.533565999999999930e-06 -3.286599999999999966e+01
1.533623000000000021e-06 -3.285799999999999699e+01
1.533679999999999900e-06 -3.289300000000000068e+01
1.533735999999999964e-06 -3.290800000000000125e+01
1.533793000000000055e-06 -3.288000000000000256e+01
1.533849999999999934e-06 -3.285000000000000142e+01
1.533905999999999998e-06 -3.285099999999999909e+01
1.533963000000000089e-06 -3.287500000000000000e+01
1.534019999999999968e-06 -3.288900000000000290e+01
1.534077000000000059e-06 -3.288799999999999812e+01
1.534132999999999911e-06 -3.288400000000000034e+01
1.534190000000000002e-06 -3.287500000000000000e+01
1.534247000000000093e-06 -3.286200000000000188e+01
1.534303999999999972e-06 -3.285499999999999687e+01
1.534360000000000036e-06 -3.286999999999999744e+01
1.534416999999999915e-06 -3.290699999999999648e+01
1.534474000000000006e-06 -3.291799999999999926e+01
1.534531000000000098e-06 -3.288600000000000279e+01
1.534586999999999949e-06 -3.286099999999999710e+01
1.534644000000000040e-06 -3.288700000000000045e+01
1.534700999999999920e-06 -3.293900000000000006e+01
1.534758000000000011e-06 -3.295700000000000074e+01
1.534814000000000074e-06 -3.291400000000000148e+01
1.534870999999999954e-06 -3.285699999999999932e+01
1.534928000000000045e-06 -3.287800000000000011e+01
1.534984999999999924e-06 -3.296900000000000119e+01
1.535042000000000015e-06 -3.300399999999999778e+01
1.535098000000000079e-06 -3.293900000000000006e+01
1.535154999999999958e-06 -3.287199999999999989e+01
1.535212000000000049e-06 -3.289900000000000091e+01
1.535268999999999929e-06 -3.298100000000000165e+01
1.535326000000000020e-06 -3.300200000000000244e+01
1.535382000000000083e-06 -3.294400000000000261e+01
1.535438999999999962e-06 -3.289300000000000068e+01
1.535496000000000054e-06 -3.292199999999999704e+01
1.535552999999999933e-06 -3.298499999999999943e+01
1.535610000000000024e-06 -3.298299999999999699e+01
1.535666999999999903e-06 -3.292499999999999716e+01
1.535722999999999967e-06 -3.289099999999999824e+01
1.535780000000000058e-06 -3.291899999999999693e+01
1.535836999999999937e-06 -3.296200000000000330e+01
1.535894000000000028e-06 -3.294500000000000028e+01
1.535950999999999908e-06 -3.289000000000000057e+01
1.536007999999999999e-06 -3.287599999999999767e+01
1.536065000000000090e-06 -3.291400000000000148e+01
1.536121999999999969e-06 -3.293999999999999773e+01
1.536179000000000060e-06 -3.289699999999999847e+01
1.536234999999999912e-06 -3.284700000000000131e+01
1.536292000000000003e-06 -3.286999999999999744e+01
1.536349000000000094e-06 -3.291499999999999915e+01
1.536405999999999974e-06 -3.291400000000000148e+01
1.536463000000000065e-06 -3.285300000000000153e+01
1.536519999999999944e-06 -3.281799999999999784e+01
1.536577000000000035e-06 -3.285600000000000165e+01
1.536633999999999915e-06 -3.290999999999999659e+01
1.536691000000000006e-06 -3.289999999999999858e+01
1.536748000000000097e-06 -3.283200000000000074e+01
1.536803999999999949e-06 -3.280199999999999960e+01
1.536861000000000040e-06 -3.286299999999999955e+01
1.536917999999999919e-06 -3.293299999999999983e+01
1.536975000000000010e-06 -3.290899999999999892e+01
1.537032000000000101e-06 -3.282500000000000284e+01
1.537088999999999981e-06 -3.282000000000000028e+01
1.537146000000000072e-06 -3.292300000000000182e+01
1.537202999999999951e-06 -3.298899999999999721e+01
1.537260000000000042e-06 -3.292199999999999704e+01
1.537316999999999921e-06 -3.283599999999999852e+01
1.537374000000000013e-06 -3.286899999999999977e+01
1.537431000000000104e-06 -3.298199999999999932e+01
1.537487999999999983e-06 -3.302700000000000102e+01
1.537545000000000074e-06 -3.296399999999999864e+01
1.537601999999999953e-06 -3.289999999999999858e+01
1.537659000000000045e-06 -3.293200000000000216e+01
1.537715999999999924e-06 -3.303000000000000114e+01
1.537773000000000015e-06 -3.307600000000000051e+01
1.537829999999999894e-06 -3.303699999999999903e+01
1.537886999999999985e-06 -3.300600000000000023e+01
1.537944000000000077e-06 -3.303499999999999659e+01
1.538000999999999956e-06 -3.306400000000000006e+01
1.538058000000000047e-06 -3.304800000000000182e+01
1.538114999999999926e-06 -3.305199999999999960e+01
1.538172000000000017e-06 -3.311399999999999721e+01
1.538228999999999897e-06 -3.314999999999999858e+01
1.538285999999999988e-06 -3.308899999999999864e+01
1.538343000000000079e-06 -3.301299999999999812e+01
1.538399999999999958e-06 -3.304999999999999716e+01
1.538457000000000049e-06 -3.316700000000000159e+01
1.538513999999999929e-06 -3.319700000000000273e+01
1.538571000000000020e-06 -3.309899999999999665e+01
1.538627999999999899e-06 -3.301599999999999824e+01
1.538686000000000018e-06 -3.306900000000000261e+01
1.538742999999999897e-06 -3.318699999999999761e+01
1.538799999999999988e-06 -3.320799999999999841e+01
1.538857000000000079e-06 -3.311399999999999721e+01
1.538913999999999959e-06 -3.303999999999999915e+01
1.538971000000000050e-06 -3.307999999999999829e+01
1.539027999999999929e-06 -3.317099999999999937e+01
1.539085000000000020e-06 -3.319100000000000250e+01
1.539141999999999900e-06 -3.314500000000000313e+01
1.539198999999999991e-06 -3.311399999999999721e+01
1.539256000000000082e-06 -3.312599999999999767e+01
1.539313999999999989e-06 -3.315299999999999869e+01
1.539371000000000080e-06 -3.315999999999999659e+01
1.539427999999999959e-06 -3.315100000000000335e+01
1.539485000000000050e-06 -3.315500000000000114e+01
1.539541999999999930e-06 -3.317300000000000182e+01
1.539599000000000021e-06 -3.319100000000000250e+01
1.539655999999999900e-06 -3.318099999999999739e+01
1.539712999999999991e-06 -3.315200000000000102e+01
1.539770999999999898e-06 -3.315599999999999881e+01
1.539827999999999989e-06 -3.319899999999999807e+01
1.539885000000000080e-06 -3.324499999999999744e+01
1.539941999999999960e-06 -3.326599999999999824e+01
1.539999000000000051e-06 -3.324799999999999756e+01
1.540055999999999930e-06 -3.322500000000000142e+01
1.540114000000000049e-06 -3.320400000000000063e+01
1.540170999999999928e-06 -3.323100000000000165e+01
1.540228000000000019e-06 -3.330299999999999727e+01
1.540284999999999899e-06 -3.335199999999999676e+01
1.540341999999999990e-06 -3.332500000000000284e+01
1.540399999999999897e-06 -3.325500000000000256e+01
1.540456999999999988e-06 -3.323299999999999699e+01
1.540514000000000079e-06 -3.329699999999999704e+01
1.540570999999999958e-06 -3.338400000000000034e+01
1.540629000000000077e-06 -3.341199999999999903e+01
1.540685999999999956e-06 -3.336899999999999977e+01
1.540743000000000048e-06 -3.332800000000000296e+01
1.540799999999999927e-06 -3.334599999999999653e+01
1.540857000000000018e-06 -3.339699999999999847e+01
1.540914999999999925e-06 -3.343299999999999983e+01
1.540972000000000016e-06 -3.343900000000000006e+01
1.541028999999999895e-06 -3.344500000000000028e+01
1.541085999999999986e-06 -3.347200000000000131e+01
1.541144000000000105e-06 -3.349099999999999966e+01
1.541200999999999985e-06 -3.348299999999999699e+01
1.541258000000000076e-06 -3.347399999999999665e+01
1.541314999999999955e-06 -3.351800000000000068e+01
1.541373000000000074e-06 -3.360600000000000165e+01
1.541429999999999953e-06 -3.364999999999999858e+01
1.541487000000000044e-06 -3.360799999999999699e+01
1.541543999999999923e-06 -3.356900000000000261e+01
1.541602000000000042e-06 -3.362800000000000011e+01
1.541658999999999922e-06 -3.372500000000000142e+01
1.541716000000000013e-06 -3.372800000000000153e+01
1.541773999999999920e-06 -3.364099999999999824e+01
1.541831000000000011e-06 -3.360300000000000153e+01
1.541888000000000102e-06 -3.367499999999999716e+01
1.541946000000000009e-06 -3.373100000000000165e+01
1.542003000000000100e-06 -3.366499999999999915e+01
1.542059999999999979e-06 -3.353900000000000148e+01
1.542118000000000098e-06 -3.346000000000000085e+01
1.542174999999999977e-06 -3.348100000000000165e+01
1.542232000000000068e-06 -3.352700000000000102e+01
1.542289999999999975e-06 -3.347399999999999665e+01
1.542347000000000066e-06 -3.332999999999999829e+01
1.542403999999999946e-06 -3.321099999999999852e+01
1.542462000000000064e-06 -3.317799999999999727e+01
1.542518999999999944e-06 -3.318200000000000216e+01
1.542576000000000035e-06 -3.313600000000000279e+01
1.542633999999999942e-06 -3.305799999999999983e+01
1.542691000000000033e-06 -3.305199999999999960e+01
1.542747999999999912e-06 -3.314099999999999824e+01
1.542806000000000031e-06 -3.327199999999999847e+01
1.542862999999999910e-06 -3.344200000000000017e+01
1.542920000000000001e-06 -3.366400000000000148e+01
1.542977999999999908e-06 -3.389600000000000080e+01
1.543035000000000000e-06 -3.416400000000000148e+01
1.543092999999999906e-06 -3.455899999999999750e+01
1.543149999999999998e-06 -3.507999999999999829e+01
1.543207999999999905e-06 -3.558400000000000318e+01
1.543264999999999996e-06 -3.592199999999999704e+01
1.543322000000000087e-06 -3.619899999999999807e+01
1.543379999999999994e-06 -3.659199999999999875e+01
1.543437000000000085e-06 -3.710199999999999676e+01
1.543494999999999992e-06 -3.764500000000000313e+01
1.543552000000000083e-06 -3.810799999999999699e+01
1.543609999999999990e-06 -3.841899999999999693e+01
1.543667000000000081e-06 -3.868599999999999994e+01
1.543723999999999960e-06 -3.903499999999999659e+01
1.543782000000000079e-06 -3.943699999999999761e+01
1.543838999999999958e-06 -3.974199999999999733e+01
1.543897000000000077e-06 -3.991599999999999682e+01
1.543953999999999956e-06 -4.014000000000000057e+01
1.544012000000000075e-06 -4.049199999999999733e+01
1.544068999999999954e-06 -4.080299999999999727e+01
1.544127000000000073e-06 -4.093900000000000006e+01
1.544183999999999952e-06 -4.099699999999999989e+01
1.544242000000000071e-06 -4.111699999999999733e+01
1.544298999999999950e-06 -4.132500000000000284e+01
1.544356000000000042e-06 -4.151800000000000068e+01
1.544413999999999949e-06 -4.157300000000000040e+01
1.544472000000000067e-06 -4.158100000000000307e+01
1.544528999999999947e-06 -4.163400000000000034e+01
1.544587000000000065e-06 -4.170499999999999829e+01
1.544643999999999945e-06 -4.175200000000000244e+01
1.544702000000000063e-06 -4.168399999999999750e+01
1.544758999999999943e-06 -4.160399999999999920e+01
1.544817000000000061e-06 -4.164099999999999824e+01
1.544873999999999941e-06 -4.165699999999999648e+01
1.544932000000000059e-06 -4.156000000000000227e+01
1.544988999999999939e-06 -4.139699999999999847e+01
1.545047000000000057e-06 -4.119299999999999784e+01
1.545103999999999937e-06 -4.100600000000000023e+01
1.545162000000000056e-06 -4.089600000000000080e+01
1.545218999999999935e-06 -4.081300000000000239e+01
1.545277000000000054e-06 -4.067799999999999727e+01
1.545334999999999961e-06 -4.047599999999999909e+01
1.545392000000000052e-06 -4.028099999999999881e+01
1.545449999999999959e-06 -4.008599999999999852e+01
1.545507000000000050e-06 -3.983700000000000330e+01
1.545564999999999957e-06 -3.958200000000000074e+01
1.545622000000000048e-06 -3.934199999999999875e+01
1.545679999999999955e-06 -3.910099999999999909e+01
1.545738000000000073e-06 -3.884700000000000131e+01
1.545794999999999953e-06 -3.857099999999999795e+01
1.545853000000000071e-06 -3.825699999999999790e+01
1.545909999999999951e-06 -3.793099999999999739e+01
1.545968000000000070e-06 -3.766299999999999670e+01
1.546025999999999976e-06 -3.740699999999999648e+01
1.546083000000000068e-06 -3.706099999999999994e+01
1.546140999999999975e-06 -3.669100000000000250e+01
1.546199000000000093e-06 -3.641199999999999903e+01
1.546255999999999973e-06 -3.618500000000000227e+01
1.546314000000000091e-06 -3.586999999999999744e+01
1.546370999999999971e-06 -3.546500000000000341e+01
1.546429000000000089e-06 -3.514600000000000080e+01
1.546486999999999996e-06 -3.497399999999999665e+01
1.546544000000000087e-06 -3.479399999999999693e+01
1.546601999999999994e-06 -3.448100000000000165e+01
1.546659999999999901e-06 -3.413199999999999790e+01
1.546716999999999992e-06 -3.390599999999999881e+01
1.546774999999999899e-06 -3.379999999999999716e+01
1.546833000000000018e-06 -3.368099999999999739e+01
1.546889999999999897e-06 -3.345600000000000307e+01
1.546948000000000016e-06 -3.320000000000000284e+01
1.547005999999999923e-06 -3.306900000000000261e+01
1.547063000000000014e-06 -3.307900000000000063e+01
1.547120999999999921e-06 -3.306199999999999761e+01
1.547179000000000040e-06 -3.289600000000000080e+01
1.547236999999999947e-06 -3.269700000000000273e+01
1.547294000000000038e-06 -3.265599999999999881e+01
1.547351999999999945e-06 -3.275000000000000000e+01
1.547410000000000064e-06 -3.278099999999999881e+01
1.547466999999999943e-06 -3.267799999999999727e+01
1.547525000000000062e-06 -3.256199999999999761e+01
1.547582999999999969e-06 -3.255599999999999739e+01
1.547641000000000087e-06 -3.264000000000000057e+01
1.547697999999999967e-06 -3.268699999999999761e+01
1.547756000000000085e-06 -3.263000000000000256e+01
1.547813999999999992e-06 -3.255299999999999727e+01
1.547871999999999899e-06 -3.256900000000000261e+01
1.547928999999999990e-06 -3.264699999999999847e+01
1.547986999999999897e-06 -3.266100000000000136e+01
1.548045000000000016e-06 -3.258800000000000097e+01
1.548102999999999923e-06 -3.253000000000000114e+01
1.548161000000000042e-06 -3.255199999999999960e+01
1.548217999999999921e-06 -3.261800000000000210e+01
1.548276000000000040e-06 -3.264600000000000080e+01
1.548333999999999947e-06 -3.258400000000000318e+01
1.548392000000000065e-06 -3.248299999999999699e+01
1.548448999999999945e-06 -3.247099999999999653e+01
1.548507000000000063e-06 -3.256099999999999994e+01
1.548564999999999970e-06 -3.261599999999999966e+01
1.548623000000000089e-06 -3.254899999999999949e+01
1.548680999999999996e-06 -3.244200000000000017e+01
1.548738000000000087e-06 -3.243500000000000227e+01
1.548795999999999994e-06 -3.253199999999999648e+01
1.548853999999999901e-06 -3.260399999999999920e+01
1.548912000000000020e-06 -3.256799999999999784e+01
1.548969999999999927e-06 -3.246900000000000119e+01
1.549028000000000045e-06 -3.242600000000000193e+01
1.549084999999999925e-06 -3.250600000000000023e+01
1.549143000000000043e-06 -3.263400000000000034e+01
1.549200999999999950e-06 -3.264099999999999824e+01
1.549259000000000069e-06 -3.249799999999999756e+01
1.549316999999999976e-06 -3.241799999999999926e+01
1.549375000000000095e-06 -3.253699999999999903e+01
1.549433000000000002e-06 -3.268500000000000227e+01
1.549490000000000093e-06 -3.264900000000000091e+01
1.549548000000000000e-06 -3.250000000000000000e+01
1.549605999999999907e-06 -3.244700000000000273e+01
1.549664000000000025e-06 -3.255400000000000205e+01
1.549721999999999932e-06 -3.269200000000000017e+01
1.549780000000000051e-06 -3.270000000000000284e+01
1.549837999999999958e-06 -3.256400000000000006e+01
1.549896000000000077e-06 -3.244200000000000017e+01
1.549953999999999984e-06 -3.249600000000000222e+01
1.550011000000000075e-06 -3.267900000000000205e+01
1.550068999999999982e-06 -3.275699999999999790e+01
1.550127000000000100e-06 -3.260999999999999943e+01
1.550185000000000007e-06 -3.242000000000000171e+01
1.550242999999999914e-06 -3.241299999999999670e+01
1.550301000000000033e-06 -3.257600000000000051e+01
1.550358999999999940e-06 -3.270900000000000318e+01
1.550417000000000059e-06 -3.265599999999999881e+01
1.550474999999999966e-06 -3.246099999999999852e+01
1.550533000000000084e-06 -3.234400000000000119e+01
1.550590999999999991e-06 -3.244299999999999784e+01
1.550648999999999898e-06 -3.262800000000000011e+01
1.550707000000000017e-06 -3.264300000000000068e+01
1.550764999999999924e-06 -3.245000000000000284e+01
1.550823000000000043e-06 -3.230400000000000205e+01
1.550880999999999949e-06 -3.237899999999999778e+01
1.550939000000000068e-06 -3.254099999999999682e+01
1.550996999999999975e-06 -3.256300000000000239e+01
1.551055000000000094e-06 -3.241499999999999915e+01
1.551113000000000001e-06 -3.231700000000000017e+01
1.551170999999999908e-06 -3.238100000000000023e+01
1.551229000000000026e-06 -3.250900000000000034e+01
1.551286999999999933e-06 -3.250699999999999790e+01
1.551345000000000052e-06 -3.237400000000000233e+01
1.551402999999999959e-06 -3.231000000000000227e+01
1.551461000000000078e-06 -3.241899999999999693e+01
1.551518999999999985e-06 -3.253900000000000148e+01
1.551577000000000103e-06 -3.249099999999999966e+01
1.551635000000000010e-06 -3.234499999999999886e+01
1.551692999999999917e-06 -3.229999999999999716e+01
1.551751000000000036e-06 -3.242000000000000171e+01
1.551808999999999943e-06 -3.256900000000000261e+01
1.551867000000000062e-06 -3.256799999999999784e+01
1.551924999999999969e-06 -3.242099999999999937e+01
1.551983000000000087e-06 -3.232099999999999795e+01
1.552040999999999994e-06 -3.240999999999999659e+01
1.552098999999999901e-06 -3.258100000000000307e+01
1.552157000000000020e-06 -3.261399999999999721e+01
1.552214999999999927e-06 -3.248700000000000188e+01
1.552273000000000046e-06 -3.239200000000000301e+01
1.552331999999999980e-06 -3.245300000000000296e+01
1.552390000000000099e-06 -3.257200000000000273e+01
1.552448000000000006e-06 -3.260300000000000153e+01
1.552505999999999913e-06 -3.254099999999999682e+01
1.552564000000000031e-06 -3.247999999999999687e+01
1.552621999999999938e-06 -3.248299999999999699e+01
1.552680000000000057e-06 -3.252100000000000080e+01
1.552737999999999964e-06 -3.254399999999999693e+01
1.552796000000000083e-06 -3.254899999999999949e+01
1.552855000000000017e-06 -3.254099999999999682e+01
1.552912999999999924e-06 -3.253099999999999881e+01
1.552971000000000043e-06 -3.253199999999999648e+01
1.553028999999999950e-06 -3.253199999999999648e+01
1.553087000000000069e-06 -3.251299999999999812e+01
1.553144999999999976e-06 -3.250500000000000256e+01
1.553203000000000094e-06 -3.254599999999999937e+01
1.553262000000000029e-06 -3.259199999999999875e+01
1.553319999999999936e-06 -3.257399999999999807e+01
1.553378000000000054e-06 -3.249900000000000233e+01
1.553435999999999961e-06 -3.247699999999999676e+01
1.553494000000000080e-06 -3.255499999999999972e+01
1.553551999999999987e-06 -3.261899999999999977e+01
1.553610999999999922e-06 -3.257900000000000063e+01
1.553669000000000040e-06 -3.250399999999999778e+01
1.553726999999999947e-06 -3.249900000000000233e+01
1.553785000000000066e-06 -3.256199999999999761e+01
1.553842999999999973e-06 -3.260900000000000176e+01
1.553901999999999907e-06 -3.257699999999999818e+01
1.553960000000000026e-06 -3.250600000000000023e+01
1.554017999999999933e-06 -3.249600000000000222e+01
1.554076000000000052e-06 -3.258599999999999852e+01
1.554133999999999959e-06 -3.265400000000000347e+01
1.554193000000000105e-06 -3.257500000000000284e+01
1.554251000000000012e-06 -3.244500000000000028e+01
1.554308999999999919e-06 -3.244800000000000040e+01
1.554367000000000038e-06 -3.258899999999999864e+01
1.554425999999999972e-06 -3.268599999999999994e+01
1.554484000000000091e-06 -3.261500000000000199e+01
1.554541999999999998e-06 -3.247599999999999909e+01
1.554599999999999905e-06 -3.244100000000000250e+01
1.554659000000000051e-06 -3.254699999999999704e+01
1.554716999999999958e-06 -3.266700000000000159e+01
1.554775000000000077e-06 -3.264300000000000068e+01
1.554832999999999984e-06 -3.254599999999999937e+01
1.554891999999999918e-06 -3.251599999999999824e+01
1.554950000000000037e-06 -3.261500000000000199e+01
1.555007999999999944e-06 -3.269100000000000250e+01
1.555067000000000090e-06 -3.263600000000000279e+01
1.555124999999999997e-06 -3.257500000000000284e+01
1.555182999999999904e-06 -3.264600000000000080e+01
1.555242000000000051e-06 -3.274399999999999977e+01
1.555299999999999957e-06 -3.271300000000000097e+01
1.555358000000000076e-06 -3.262199999999999989e+01
1.555415999999999983e-06 -3.264699999999999847e+01
1.555474999999999918e-06 -3.277400000000000091e+01
1.555533000000000036e-06 -3.281199999999999761e+01
1.555590999999999943e-06 -3.271999999999999886e+01
1.555650000000000090e-06 -3.265999999999999659e+01
1.555707999999999997e-06 -3.272500000000000142e+01
1.555765999999999904e-06 -3.281700000000000017e+01
1.555825000000000050e-06 -3.281099999999999994e+01
1.555882999999999957e-06 -3.274399999999999977e+01
1.555941000000000076e-06 -3.273100000000000165e+01
1.556000000000000010e-06 -3.278199999999999648e+01
1.556057999999999917e-06 -3.281499999999999773e+01
1.556117000000000063e-06 -3.277900000000000347e+01
1.556174999999999970e-06 -3.274600000000000222e+01
1.556233000000000089e-06 -3.278199999999999648e+01
1.556292000000000024e-06 -3.282999999999999829e+01
1.556349999999999930e-06 -3.282099999999999795e+01
1.556409000000000077e-06 -3.277100000000000080e+01
1.556466999999999984e-06 -3.275200000000000244e+01
1.556525000000000102e-06 -3.280299999999999727e+01
1.556584000000000037e-06 -3.286399999999999721e+01
1.556641999999999944e-06 -3.283899999999999864e+01
1.556700000000000063e-06 -3.275800000000000267e+01
1.556758999999999997e-06 -3.275200000000000244e+01
1.556816999999999904e-06 -3.284000000000000341e+01
1.556876000000000050e-06 -3.288000000000000256e+01
1.556933999999999957e-06 -3.281400000000000006e+01
1.556993000000000104e-06 -3.276100000000000279e+01
1.557051000000000011e-06 -3.280899999999999750e+01
1.557109999999999945e-06 -3.287700000000000244e+01
1.557168000000000064e-06 -3.285999999999999943e+01
1.557225999999999971e-06 -3.280799999999999983e+01
1.557284999999999905e-06 -3.281400000000000006e+01
1.557343000000000024e-06 -3.287299999999999756e+01
1.557401999999999959e-06 -3.292300000000000182e+01
1.557460000000000077e-06 -3.292099999999999937e+01
1.557519000000000012e-06 -3.289900000000000091e+01
1.557576999999999919e-06 -3.290599999999999881e+01
1.557636000000000065e-06 -3.293399999999999750e+01
1.557693999999999972e-06 -3.297899999999999920e+01
1.557752999999999907e-06 -3.302199999999999847e+01
1.557811000000000025e-06 -3.301899999999999835e+01
1.557869999999999960e-06 -3.298799999999999955e+01
1.557928000000000079e-06 -3.300800000000000267e+01
1.557987000000000013e-06 -3.308400000000000318e+01
1.558044999999999920e-06 -3.312400000000000233e+01
1.558104000000000066e-06 -3.310799999999999699e+01
1.558161999999999973e-06 -3.310399999999999920e+01
1.558220999999999908e-06 -3.312100000000000222e+01
1.558279000000000027e-06 -3.313799999999999812e+01
1.558337999999999961e-06 -3.317399999999999949e+01
1.558396000000000080e-06 -3.323400000000000176e+01
1.558455000000000015e-06 -3.325500000000000256e+01
1.558513999999999949e-06 -3.318900000000000006e+01
1.558572000000000068e-06 -3.315599999999999881e+01
1.558631000000000002e-06 -3.320700000000000074e+01
1.558688999999999909e-06 -3.325900000000000034e+01
1.558748000000000056e-06 -3.326100000000000279e+01
1.558805999999999963e-06 -3.324799999999999756e+01
1.558864999999999897e-06 -3.324600000000000222e+01
1.558923000000000016e-06 -3.322699999999999676e+01
1.558981999999999950e-06 -3.320600000000000307e+01
1.559041000000000097e-06 -3.322899999999999920e+01
1.559099000000000004e-06 -3.326700000000000301e+01
1.559157999999999938e-06 -3.327199999999999847e+01
1.559216000000000057e-06 -3.326800000000000068e+01
1.559274999999999991e-06 -3.326800000000000068e+01
1.559333999999999926e-06 -3.325000000000000000e+01
1.559392000000000045e-06 -3.324900000000000233e+01
1.559450999999999979e-06 -3.329999999999999716e+01
1.559509999999999914e-06 -3.333500000000000085e+01
1.559568000000000032e-06 -3.328699999999999903e+01
1.559626999999999967e-06 -3.324199999999999733e+01
1.559685000000000086e-06 -3.329599999999999937e+01
1.559744000000000020e-06 -3.336500000000000199e+01
1.559802999999999955e-06 -3.334700000000000131e+01
1.559861000000000074e-06 -3.330299999999999727e+01
1.559920000000000008e-06 -3.332399999999999807e+01
1.559978999999999943e-06 -3.338700000000000045e+01
1.560037000000000061e-06 -3.341499999999999915e+01
1.560095999999999996e-06 -3.339600000000000080e+01
1.560154999999999930e-06 -3.336500000000000199e+01
1.560213000000000049e-06 -3.338100000000000023e+01
1.560271999999999984e-06 -3.346600000000000108e+01
1.560330999999999918e-06 -3.353699999999999903e+01
1.560389000000000037e-06 -3.350099999999999767e+01
1.560447999999999972e-06 -3.341799999999999926e+01
1.560506999999999906e-06 -3.343599999999999994e+01
1.560566000000000052e-06 -3.353999999999999915e+01
1.560623999999999959e-06 -3.360000000000000142e+01
1.560683000000000106e-06 -3.357900000000000063e+01
1.560742000000000040e-06 -3.352600000000000335e+01
1.560799999999999947e-06 -3.351899999999999835e+01
1.560859000000000093e-06 -3.360000000000000142e+01
1.560918000000000028e-06 -3.369599999999999795e+01
1.560976999999999963e-06 -3.368099999999999739e+01
1.561035000000000081e-06 -3.358700000000000330e+01
1.561094000000000016e-06 -3.360600000000000165e+01
1.561152999999999950e-06 -3.374499999999999744e+01
1.561212000000000097e-06 -3.379500000000000171e+01
1.561270000000000004e-06 -3.371000000000000085e+01
1.561328999999999938e-06 -3.367099999999999937e+01
1.561388000000000085e-06 -3.376400000000000290e+01
1.561447000000000019e-06 -3.385300000000000153e+01
1.561504999999999926e-06 -3.384400000000000119e+01
1.561564000000000072e-06 -3.380899999999999750e+01
1.561623000000000007e-06 -3.380700000000000216e+01
1.561681999999999941e-06 -3.382999999999999829e+01
1.561741000000000088e-06 -3.386999999999999744e+01
1.561798999999999995e-06 -3.389800000000000324e+01
1.561857999999999929e-06 -3.388000000000000256e+01
1.561917000000000076e-06 -3.386599999999999966e+01
1.561976000000000010e-06 -3.390999999999999659e+01
1.562034999999999945e-06 -3.395199999999999818e+01
1.562094000000000091e-06 -3.393699999999999761e+01
1.562151999999999998e-06 -3.392499999999999716e+01
1.562210999999999932e-06 -3.397399999999999665e+01
1.562270000000000079e-06 -3.399799999999999756e+01
1.562329000000000013e-06 -3.399900000000000233e+01
1.562387999999999948e-06 -3.396300000000000097e+01
1.562447000000000094e-06 -3.398599999999999710e+01
1.562505000000000001e-06 -3.403699999999999903e+01
1.562563999999999936e-06 -3.406700000000000017e+01
1.562623000000000082e-06 -3.406799999999999784e+01
1.562682000000000017e-06 -3.405700000000000216e+01
1.562740999999999951e-06 -3.406499999999999773e+01
1.562800000000000097e-06 -3.409000000000000341e+01
1.562858000000000004e-06 -3.411599999999999966e+01
1.562916999999999939e-06 -3.413799999999999812e+01
1.562976000000000085e-06 -3.414300000000000068e+01
1.563035000000000020e-06 -3.414500000000000313e+01
1.563093999999999954e-06 -3.417399999999999949e+01
1.563153000000000101e-06 -3.421000000000000085e+01
1.563212000000000035e-06 -3.422399999999999665e+01
1.563270999999999970e-06 -3.421900000000000119e+01
1.563329999999999904e-06 -3.423599999999999710e+01
1.563389000000000051e-06 -3.429999999999999716e+01
1.563446999999999958e-06 -3.434700000000000131e+01
1.563506000000000104e-06 -3.433299999999999841e+01
1.563565000000000038e-06 -3.432800000000000296e+01
1.563623999999999973e-06 -3.439099999999999824e+01
1.563682999999999908e-06 -3.445400000000000063e+01
1.563742000000000054e-06 -3.445199999999999818e+01
1.563800999999999988e-06 -3.445300000000000296e+01
1.563859999999999923e-06 -3.450500000000000256e+01
1.563919000000000069e-06 -3.453199999999999648e+01
1.563978000000000004e-06 -3.453000000000000114e+01
1.564036999999999938e-06 -3.457399999999999807e+01
1.564096000000000085e-06 -3.463100000000000023e+01
1.564155000000000019e-06 -3.464200000000000301e+01
1.564213999999999954e-06 -3.464999999999999858e+01
1.564273000000000100e-06 -3.468900000000000006e+01
1.564332000000000035e-06 -3.471500000000000341e+01
1.564390999999999969e-06 -3.472500000000000142e+01
1.564449999999999904e-06 -3.475800000000000267e+01
1.564509000000000050e-06 -3.479899999999999949e+01
1.564567999999999985e-06 -3.482099999999999795e+01
1.564626999999999919e-06 -3.482099999999999795e+01
1.564686000000000065e-06 -3.481199999999999761e+01
1.564745000000000000e-06 -3.483299999999999841e+01
1.564803999999999935e-06 -3.489300000000000068e+01
1.564863000000000081e-06 -3.494599999999999795e+01
1.564922000000000015e-06 -3.495100000000000051e+01
1.564980999999999950e-06 -3.493500000000000227e+01
1.565040000000000096e-06 -3.494299999999999784e+01
1.565099000000000031e-06 -3.499099999999999966e+01
1.565157999999999965e-06 -3.505799999999999983e+01
1.565216999999999900e-06 -3.509599999999999653e+01
1.565276000000000046e-06 -3.508500000000000085e+01
1.565334999999999981e-06 -3.506700000000000017e+01
1.565393999999999915e-06 -3.509499999999999886e+01
1.565454000000000089e-06 -3.517000000000000171e+01
1.565513000000000024e-06 -3.521200000000000330e+01
1.565571999999999958e-06 -3.519500000000000028e+01
1.565631000000000105e-06 -3.519200000000000017e+01
1.565690000000000039e-06 -3.523799999999999955e+01
1.565748999999999974e-06 -3.532099999999999795e+01
1.565807999999999908e-06 -3.538400000000000034e+01
1.565867000000000055e-06 -3.537299999999999756e+01
1.565925999999999989e-06 -3.534499999999999886e+01
1.565984999999999924e-06 -3.537500000000000000e+01
1.566044000000000070e-06 -3.542799999999999727e+01
1.566104000000000032e-06 -3.552000000000000313e+01
1.566162999999999967e-06 -3.551400000000000290e+01
1.566221999999999901e-06 -3.549300000000000210e+01
1.566281000000000048e-06 -3.553000000000000114e+01
1.566339999999999982e-06 -3.561999999999999744e+01
1.566398999999999917e-06 -3.569599999999999795e+01
1.566458000000000063e-06 -3.570100000000000051e+01
1.566516999999999998e-06 -3.565699999999999648e+01
1.566576999999999960e-06 -3.567300000000000182e+01
1.566635999999999894e-06 -3.576400000000000290e+01
1.566695000000000041e-06 -3.583800000000000097e+01
1.566753999999999975e-06 -3.585399999999999920e+01
1.566812999999999910e-06 -3.584899999999999665e+01
1.566873000000000084e-06 -3.587100000000000222e+01
1.566932000000000018e-06 -3.592300000000000182e+01
1.566990999999999953e-06 -3.597999999999999687e+01
1.567050000000000099e-06 -3.602700000000000102e+01
1.567109000000000034e-06 -3.604599999999999937e+01
1.567168999999999996e-06 -3.605799999999999983e+01
1.567227999999999930e-06 -3.609799999999999898e+01
1.567287000000000077e-06 -3.615100000000000335e+01
1.567346000000000011e-06 -3.617600000000000193e+01
1.567404999999999946e-06 -3.616700000000000159e+01
1.567464999999999908e-06 -3.618500000000000227e+01
1.567524000000000054e-06 -3.624600000000000222e+01
1.567582999999999989e-06 -3.627600000000000335e+01
1.567641999999999923e-06 -3.626800000000000068e+01
1.567701000000000070e-06 -3.628699999999999903e+01
1.567761000000000032e-06 -3.635000000000000142e+01
1.567819999999999966e-06 -3.638400000000000034e+01
1.567878999999999901e-06 -3.636899999999999977e+01
1.567939000000000075e-06 -3.637400000000000233e+01
1.567998000000000009e-06 -3.641299999999999670e+01
1.568056999999999944e-06 -3.644200000000000017e+01
1.568116000000000090e-06 -3.645300000000000296e+01
1.568176000000000052e-06 -3.647800000000000153e+01
1.568234999999999987e-06 -3.649499999999999744e+01
1.568293999999999921e-06 -3.648499999999999943e+01
1.568354000000000095e-06 -3.652199999999999847e+01
1.568413000000000030e-06 -3.660499999999999687e+01
1.568471999999999965e-06 -3.663400000000000034e+01
1.568530999999999899e-06 -3.660199999999999676e+01
1.568591000000000073e-06 -3.660699999999999932e+01
1.568650000000000008e-06 -3.667000000000000171e+01
1.568708999999999942e-06 -3.673199999999999932e+01
1.568768999999999904e-06 -3.675600000000000023e+01
1.568828000000000051e-06 -3.676800000000000068e+01
1.568886999999999985e-06 -3.679099999999999682e+01
1.568946999999999947e-06 -3.680899999999999750e+01
1.569006000000000094e-06 -3.682500000000000284e+01
1.569065000000000028e-06 -3.686599999999999966e+01
1.569124999999999990e-06 -3.690500000000000114e+01
1.569183999999999925e-06 -3.691100000000000136e+01
1.569244000000000099e-06 -3.695100000000000051e+01
1.569303000000000033e-06 -3.704399999999999693e+01
1.569361999999999968e-06 -3.710199999999999676e+01
1.569421999999999930e-06 -3.710399999999999920e+01
1.569481000000000076e-06 -3.711599999999999966e+01
1.569540000000000011e-06 -3.718399999999999750e+01
1.569599999999999973e-06 -3.725999999999999801e+01
1.569658999999999908e-06 -3.728900000000000148e+01
1.569719000000000081e-06 -3.731099999999999994e+01
1.569778000000000016e-06 -3.736599999999999966e+01
1.569836999999999951e-06 -3.744800000000000040e+01
1.569896999999999913e-06 -3.751800000000000068e+01
1.569956000000000059e-06 -3.753399999999999892e+01
1.570016000000000021e-06 -3.755199999999999960e+01
1.570074999999999956e-06 -3.761299999999999955e+01
1.570134000000000102e-06 -3.767799999999999727e+01
1.570194000000000064e-06 -3.771300000000000097e+01
1.570252999999999999e-06 -3.774099999999999966e+01
1.570312999999999961e-06 -3.778399999999999892e+01
1.570371999999999895e-06 -3.783899999999999864e+01
1.570432000000000069e-06 -3.789800000000000324e+01
1.570491000000000004e-06 -3.794700000000000273e+01
1.570549999999999939e-06 -3.798100000000000165e+01
1.570609999999999901e-06 -3.801899999999999835e+01
1.570669000000000047e-06 -3.806499999999999773e+01
1.570729000000000009e-06 -3.813499999999999801e+01
1.570787999999999944e-06 -3.819100000000000250e+01
1.570847999999999906e-06 -3.817199999999999704e+01
1.570907000000000052e-06 -3.815999999999999659e+01
1.570967000000000014e-06 -3.824099999999999966e+01
1.571025999999999949e-06 -3.832800000000000296e+01
1.571085999999999911e-06 -3.832699999999999818e+01
1.571145000000000057e-06 -3.833200000000000074e+01
1.571205000000000019e-06 -3.840400000000000347e+01
1.571263999999999954e-06 -3.845499999999999829e+01
1.571323999999999916e-06 -3.846300000000000097e+01
1.571383000000000063e-06 -3.848899999999999721e+01
1.571443000000000025e-06 -3.851899999999999835e+01
1.571501999999999959e-06 -3.850900000000000034e+01
1.571561999999999921e-06 -3.851400000000000290e+01
1.571622000000000095e-06 -3.857999999999999829e+01
1.571681000000000030e-06 -3.862599999999999767e+01
1.571740999999999992e-06 -3.859100000000000108e+01
1.571799999999999927e-06 -3.858500000000000085e+01
1.571860000000000100e-06 -3.867399999999999949e+01
1.571919000000000035e-06 -3.874600000000000222e+01
1.571978999999999997e-06 -3.874499999999999744e+01
1.572037999999999932e-06 -3.877400000000000091e+01
1.572098000000000106e-06 -3.884799999999999898e+01
1.572158000000000068e-06 -3.886599999999999966e+01
1.572217000000000002e-06 -3.886399999999999721e+01
1.572276999999999964e-06 -3.892399999999999949e+01
1.572335999999999899e-06 -3.896500000000000341e+01
1.572396000000000073e-06 -3.894800000000000040e+01
1.572456000000000035e-06 -3.898599999999999710e+01
1.572514999999999970e-06 -3.908500000000000085e+01
1.572574999999999932e-06 -3.913900000000000290e+01
1.572634000000000078e-06 -3.913199999999999790e+01
1.572694000000000040e-06 -3.913199999999999790e+01
1.572754000000000002e-06 -3.918699999999999761e+01
1.572812999999999937e-06 -3.926500000000000057e+01
1.572872999999999899e-06 -3.931000000000000227e+01
1.572932000000000045e-06 -3.932500000000000284e+01
1.572992000000000008e-06 -3.933899999999999864e+01
1.573051999999999970e-06 -3.937400000000000233e+01
1.573110999999999904e-06 -3.943800000000000239e+01
1.573171000000000078e-06 -3.950200000000000244e+01
1.573231000000000040e-06 -3.954699999999999704e+01
1.573289999999999975e-06 -3.957399999999999807e+01
1.573349999999999937e-06 -3.960900000000000176e+01
1.573409999999999899e-06 -3.964099999999999824e+01
1.573469000000000046e-06 -3.965200000000000102e+01
1.573529000000000008e-06 -3.966400000000000148e+01
1.573588999999999970e-06 -3.969899999999999807e+01
1.573647999999999904e-06 -3.971999999999999886e+01
1.573708000000000078e-06 -3.973700000000000188e+01
1.573768000000000041e-06 -3.975999999999999801e+01
1.573828000000000003e-06 -3.981499999999999773e+01
1.573886999999999937e-06 -3.985799999999999699e+01
1.573946999999999899e-06 -3.989300000000000068e+01
1.574007000000000073e-06 -3.993800000000000239e+01
1.574066000000000008e-06 -3.995100000000000051e+01
1.574125999999999970e-06 -3.996000000000000085e+01
1.574185999999999932e-06 -4.000900000000000034e+01
1.574245999999999894e-06 -4.005400000000000205e+01
1.574306000000000068e-06 -4.007399999999999807e+01
1.574365000000000003e-06 -4.007300000000000040e+01
1.574424999999999965e-06 -4.008700000000000330e+01
1.574484999999999927e-06 -4.012500000000000000e+01
1.574545000000000101e-06 -4.014399999999999835e+01
1.574604000000000036e-06 -4.018900000000000006e+01
1.574663999999999998e-06 -4.026299999999999812e+01
1.574723999999999960e-06 -4.029800000000000182e+01
1.574782999999999894e-06 -4.031300000000000239e+01
1.574843000000000068e-06 -4.036599999999999966e+01
1.574903000000000030e-06 -4.042600000000000193e+01
1.574962999999999993e-06 -4.045799999999999841e+01
1.575022999999999955e-06 -4.048799999999999955e+01
1.575082999999999917e-06 -4.052600000000000335e+01
1.575142000000000063e-06 -4.055199999999999960e+01
1.575202000000000025e-06 -4.056300000000000239e+01
1.575261999999999988e-06 -4.060000000000000142e+01
1.575321999999999950e-06 -4.068299999999999983e+01
1.575381999999999912e-06 -4.073899999999999721e+01
1.575441000000000058e-06 -4.074399999999999977e+01
1.575501000000000020e-06 -4.076299999999999812e+01
1.575560999999999983e-06 -4.084000000000000341e+01
1.575620999999999945e-06 -4.094700000000000273e+01
1.575680999999999907e-06 -4.099600000000000222e+01
1.575741000000000081e-06 -4.098499999999999943e+01
1.575801000000000043e-06 -4.100300000000000011e+01
1.575859999999999977e-06 -4.104200000000000159e+01
1.575919999999999940e-06 -4.105199999999999960e+01
1.575979999999999902e-06 -4.111500000000000199e+01
1.576040000000000076e-06 -4.120300000000000296e+01
1.576100000000000038e-06 -4.122299999999999898e+01
1.576160000000000000e-06 -4.125300000000000011e+01
1.576219999999999962e-06 -4.133100000000000307e+01
1.576278999999999897e-06 -4.139099999999999824e+01
1.576339000000000071e-06 -4.140400000000000347e+01
1.576399000000000033e-06 -4.140999999999999659e+01
1.576458999999999995e-06 -4.148499999999999943e+01
1.576518999999999957e-06 -4.154299999999999926e+01
1.576578999999999919e-06 -4.152300000000000324e+01
1.576639000000000093e-06 -4.156900000000000261e+01
1.576699000000000055e-06 -4.165100000000000335e+01
1.576759000000000017e-06 -4.168299999999999983e+01
1.576818999999999980e-06 -4.172099999999999653e+01
1.576878999999999942e-06 -4.174600000000000222e+01
1.576938999999999904e-06 -4.175600000000000023e+01
1.576998000000000050e-06 -4.180199999999999960e+01
1.577059000000000040e-06 -4.187199999999999989e+01
1.577119000000000002e-06 -4.191799999999999926e+01
1.577177999999999937e-06 -4.193699999999999761e+01
1.577237999999999899e-06 -4.197899999999999920e+01
1.577298000000000073e-06 -4.202100000000000080e+01
1.577358000000000035e-06 -4.207999999999999829e+01
1.577417999999999997e-06 -4.215800000000000125e+01
1.577477999999999959e-06 -4.211099999999999710e+01
1.577537999999999921e-06 -4.210499999999999687e+01
1.577598000000000095e-06 -4.218900000000000006e+01
1.577658000000000057e-06 -4.223599999999999710e+01
1.577718000000000020e-06 -4.227100000000000080e+01
1.577777999999999982e-06 -4.233100000000000307e+01
1.577837999999999944e-06 -4.232399999999999807e+01
1.577897999999999906e-06 -4.227600000000000335e+01
1.577958000000000080e-06 -4.231400000000000006e+01
1.578018000000000042e-06 -4.238300000000000267e+01
1.578078000000000004e-06 -4.239200000000000301e+01
1.578137999999999966e-06 -4.244500000000000028e+01
1.578198999999999956e-06 -4.251500000000000057e+01
1.578258999999999918e-06 -4.248700000000000188e+01
1.578318000000000065e-06 -4.249000000000000199e+01
1.578379000000000054e-06 -4.258100000000000307e+01
1.578439000000000017e-06 -4.267399999999999949e+01
1.578498999999999979e-06 -4.269899999999999807e+01
1.578558999999999941e-06 -4.267799999999999727e+01
1.578618999999999903e-06 -4.272500000000000142e+01
1.578679000000000077e-06 -4.275600000000000023e+01
1.578739000000000039e-06 -4.275999999999999801e+01
1.578799000000000001e-06 -4.284400000000000119e+01
1.578858999999999963e-06 -4.295300000000000296e+01
1.578918999999999926e-06 -4.301500000000000057e+01
1.578979000000000100e-06 -4.300800000000000267e+01
1.579039000000000062e-06 -4.303799999999999670e+01
1.579100000000000051e-06 -4.315100000000000335e+01
1.579160000000000014e-06 -4.321099999999999852e+01
1.579219999999999976e-06 -4.320100000000000051e+01
1.579279999999999938e-06 -4.323700000000000188e+01
1.579339999999999900e-06 -4.329899999999999949e+01
1.579400000000000074e-06 -4.331099999999999994e+01
1.579460000000000036e-06 -4.337599999999999767e+01
1.579519999999999998e-06 -4.349799999999999756e+01
1.579580999999999988e-06 -4.359100000000000108e+01
1.579640999999999950e-06 -4.366700000000000159e+01
1.579700999999999912e-06 -4.367999999999999972e+01
1.579761000000000086e-06 -4.363900000000000290e+01
1.579821000000000048e-06 -4.363400000000000034e+01
1.579881000000000011e-06 -4.368699999999999761e+01
1.579942000000000000e-06 -4.377700000000000102e+01
1.580001999999999963e-06 -4.386299999999999955e+01
1.580061999999999925e-06 -4.384400000000000119e+01
1.580122000000000099e-06 -4.376200000000000045e+01
1.580182000000000061e-06 -4.382399999999999807e+01
1.580243000000000051e-06 -4.394400000000000261e+01
1.580303000000000013e-06 -4.396800000000000352e+01
1.580362999999999975e-06 -4.402900000000000347e+01
1.580422999999999937e-06 -4.410999999999999943e+01
1.580482999999999899e-06 -4.409599999999999653e+01
1.580544000000000101e-06 -4.407999999999999829e+01
1.580604000000000063e-06 -4.413000000000000256e+01
1.580664000000000025e-06 -4.418299999999999983e+01
1.580723999999999987e-06 -4.419299999999999784e+01
1.580783999999999949e-06 -4.423799999999999955e+01
1.580844999999999939e-06 -4.432500000000000284e+01
1.580904999999999901e-06 -4.440299999999999869e+01
1.580965000000000075e-06 -4.444100000000000250e+01
1.581025000000000037e-06 -4.445400000000000063e+01
1.581086000000000027e-06 -4.449699999999999989e+01
1.581145999999999989e-06 -4.456099999999999994e+01
1.581205999999999951e-06 -4.463000000000000256e+01
1.581265999999999914e-06 -4.466700000000000159e+01
1.581326999999999903e-06 -4.472500000000000142e+01
1.581387000000000077e-06 -4.475800000000000267e+01
1.581447000000000039e-06 -4.475000000000000000e+01
1.581508000000000029e-06 -4.475300000000000011e+01
1.581567999999999991e-06 -4.479200000000000159e+01
1.581627999999999953e-06 -4.486200000000000188e+01
1.581687999999999916e-06 -4.491899999999999693e+01
1.581748999999999905e-06 -4.494800000000000040e+01
1.581809000000000079e-06 -4.496099999999999852e+01
1.581869000000000041e-06 -4.496900000000000119e+01
1.581930000000000031e-06 -4.499000000000000199e+01
1.581989999999999993e-06 -4.505299999999999727e+01
1.582049999999999955e-06 -4.515800000000000125e+01
1.582110999999999945e-06 -4.532999999999999829e+01
1.582170999999999907e-06 -4.543900000000000006e+01
1.582231999999999897e-06 -4.537500000000000000e+01
1.582292000000000071e-06 -4.534199999999999875e+01
1.582352000000000033e-06 -4.539900000000000091e+01
1.582411999999999995e-06 -4.547599999999999909e+01
1.582472999999999985e-06 -4.549199999999999733e+01
1.582532999999999947e-06 -4.545199999999999818e+01
1.582593999999999937e-06 -4.549699999999999989e+01
1.582653999999999899e-06 -4.560799999999999699e+01
1.582714000000000073e-06 -4.575600000000000023e+01
1.582775000000000063e-06 -4.586599999999999966e+01
1.582835000000000025e-06 -4.584700000000000131e+01
1.582896000000000015e-06 -4.578600000000000136e+01
1.582955999999999977e-06 -4.584199999999999875e+01
1.583015999999999939e-06 -4.596699999999999875e+01
1.583076999999999929e-06 -4.596900000000000119e+01
1.583137000000000103e-06 -4.596200000000000330e+01
1.583198000000000093e-06 -4.603199999999999648e+01
1.583258000000000055e-06 -4.621600000000000108e+01
1.583319000000000044e-06 -4.639500000000000313e+01
1.583379000000000007e-06 -4.635699999999999932e+01
1.583438999999999969e-06 -4.623400000000000176e+01
1.583499999999999959e-06 -4.627199999999999847e+01
1.583559999999999921e-06 -4.642600000000000193e+01
1.583620999999999910e-06 -4.650900000000000034e+01
1.583681000000000084e-06 -4.653099999999999881e+01
1.583742000000000074e-06 -4.646600000000000108e+01
1.583802000000000036e-06 -4.642799999999999727e+01
1.583863000000000026e-06 -4.652700000000000102e+01
1.583922999999999988e-06 -4.655299999999999727e+01
1.583983999999999978e-06 -4.648299999999999699e+01
1.584043999999999940e-06 -4.652000000000000313e+01
1.584104999999999930e-06 -4.665800000000000125e+01
1.584165000000000104e-06 -4.672399999999999665e+01
1.584226000000000094e-06 -4.669800000000000040e+01
1.584286000000000056e-06 -4.674600000000000222e+01
1.584346000000000018e-06 -4.685199999999999676e+01
1.584407000000000008e-06 -4.689800000000000324e+01
1.584467999999999997e-06 -4.695400000000000063e+01
1.584527999999999960e-06 -4.688100000000000023e+01
1.584588999999999949e-06 -4.683100000000000307e+01
1.584648999999999911e-06 -4.708500000000000085e+01
1.584709999999999901e-06 -4.723299999999999699e+01
1.584770000000000075e-06 -4.709899999999999665e+01
1.584831000000000065e-06 -4.708400000000000318e+01
1.584891000000000027e-06 -4.720000000000000284e+01
1.584952000000000017e-06 -4.720100000000000051e+01
1.585011999999999979e-06 -4.711800000000000210e+01
1.585072999999999969e-06 -4.705700000000000216e+01
1.585133999999999958e-06 -4.707699999999999818e+01
1.585193999999999921e-06 -4.719800000000000040e+01
1.585254999999999910e-06 -4.735600000000000165e+01
1.585315000000000084e-06 -4.752799999999999869e+01
1.585376000000000074e-06 -4.777100000000000080e+01
1.585436000000000036e-06 -4.788199999999999790e+01
1.585497000000000026e-06 -4.784199999999999875e+01
1.585558000000000016e-06 -4.793500000000000227e+01
1.585617999999999978e-06 -4.794400000000000261e+01
1.585678999999999968e-06 -4.774900000000000233e+01
1.585738999999999930e-06 -4.771500000000000341e+01
1.585799999999999920e-06 -4.793599999999999994e+01
1.585860999999999909e-06 -4.808800000000000097e+01
1.585921000000000083e-06 -4.799600000000000222e+01
1.585982000000000073e-06 -4.798199999999999932e+01
1.586043000000000063e-06 -4.809300000000000352e+01
1.586103000000000025e-06 -4.816599999999999682e+01
1.586164000000000015e-06 -4.822800000000000153e+01
1.586223999999999977e-06 -4.813600000000000279e+01
1.586284999999999967e-06 -4.800399999999999778e+01
1.586345999999999956e-06 -4.812800000000000011e+01
1.586405999999999918e-06 -4.830599999999999739e+01
1.586466999999999908e-06 -4.834499999999999886e+01
1.586527999999999898e-06 -4.842399999999999949e+01
1.586589000000000100e-06 -4.864000000000000057e+01
1.586649000000000062e-06 -4.870600000000000307e+01
1.586710000000000051e-06 -4.842799999999999727e+01
1.586771000000000041e-06 -4.837700000000000244e+01
1.586831000000000003e-06 -4.849099999999999966e+01
1.586891999999999993e-06 -4.839500000000000313e+01
1.586952999999999983e-06 -4.844299999999999784e+01
1.587012999999999945e-06 -4.843399999999999750e+01
1.587073999999999935e-06 -4.846200000000000330e+01
1.587134999999999925e-06 -4.873100000000000165e+01
1.587195000000000098e-06 -4.886699999999999733e+01
1.587256000000000088e-06 -4.883899999999999864e+01
1.587317000000000078e-06 -4.876800000000000068e+01
1.587378000000000068e-06 -4.883100000000000307e+01
1.587438000000000030e-06 -4.895400000000000063e+01
1.587499000000000020e-06 -4.900500000000000256e+01
1.587560000000000009e-06 -4.896200000000000330e+01
1.587620999999999999e-06 -4.887899999999999778e+01
1.587680999999999961e-06 -4.891100000000000136e+01
1.587741999999999951e-06 -4.907999999999999829e+01
1.587802999999999941e-06 -4.932000000000000028e+01
1.587863999999999931e-06 -4.932600000000000051e+01
1.587924999999999920e-06 -4.912599999999999767e+01
1.587985000000000094e-06 -4.918699999999999761e+01
1.588046000000000084e-06 -4.948799999999999955e+01
1.588107000000000074e-06 -4.974399999999999977e+01
1.588168000000000064e-06 -4.976200000000000045e+01
1.588229000000000053e-06 -4.959000000000000341e+01
1.588289000000000015e-06 -4.958400000000000318e+01
1.588350000000000005e-06 -4.949000000000000199e+01
1.588410999999999995e-06 -4.939300000000000068e+01
1.588471999999999985e-06 -4.941599999999999682e+01
1.588532999999999975e-06 -4.955400000000000205e+01
1.588592999999999937e-06 -4.988000000000000256e+01
1.588653999999999926e-06 -4.983100000000000307e+01
1.588714999999999916e-06 -4.978199999999999648e+01
1.588775999999999906e-06 -5.004399999999999693e+01
1.588836999999999896e-06 -5.015500000000000114e+01
1.588898000000000097e-06 -5.022200000000000131e+01
1.588959000000000087e-06 -5.028999999999999915e+01
1.589020000000000077e-06 -5.029800000000000182e+01
1.589080000000000039e-06 -5.035999999999999943e+01
1.589141000000000029e-06 -5.029399999999999693e+01
1.589202000000000018e-06 -5.004099999999999682e+01
1.589263000000000008e-06 -5.031799999999999784e+01
1.589323999999999998e-06 -5.093299999999999983e+01
1.589384999999999988e-06 -5.106400000000000006e+01
1.589445999999999977e-06 -5.099799999999999756e+01
1.589506999999999967e-06 -5.081400000000000006e+01
1.589567999999999957e-06 -5.059199999999999875e+01
1.589627999999999919e-06 -5.044200000000000017e+01
1.589688999999999909e-06 -5.046399999999999864e+01
1.589749999999999899e-06 -5.082200000000000273e+01
1.589811000000000100e-06 -5.114699999999999847e+01
1.589872000000000090e-06 -5.104299999999999926e+01
1.589933000000000080e-06 -5.094299999999999784e+01
1.589994000000000069e-06 -5.092600000000000193e+01
