1.489996000000000023e-06 -3.797200000000000131e+01
1.490050000000000032e-06 -3.813600000000000279e+01
1.490103000000000012e-06 -3.813799999999999812e+01
1.490157000000000021e-06 -3.821999999999999886e+01
1.490210000000000001e-06 -3.857900000000000063e+01
1.490264000000000010e-06 -3.855400000000000205e+01
1.490316999999999990e-06 -3.824699999999999989e+01
1.490370999999999999e-06 -3.808599999999999852e+01
1.490423999999999979e-06 -3.818099999999999739e+01
1.490477999999999988e-06 -3.816799999999999926e+01
1.490530999999999968e-06 -3.795000000000000284e+01
1.490584999999999977e-06 -3.789699999999999847e+01
1.490638999999999985e-06 -3.796999999999999886e+01
1.490691999999999966e-06 -3.795400000000000063e+01
1.490745999999999974e-06 -3.776599999999999824e+01
1.490798999999999954e-06 -3.765800000000000125e+01
1.490852999999999963e-06 -3.781900000000000261e+01
1.490905999999999943e-06 -3.784100000000000108e+01
1.490959999999999952e-06 -3.773899999999999721e+01
1.491013999999999960e-06 -3.778699999999999903e+01
1.491066999999999941e-06 -3.778199999999999648e+01
1.491120999999999949e-06 -3.783299999999999841e+01
1.491173999999999930e-06 -3.774099999999999966e+01
1.491227999999999938e-06 -3.742300000000000182e+01
1.491281999999999946e-06 -3.739999999999999858e+01
1.491334999999999927e-06 -3.742300000000000182e+01
1.491388999999999935e-06 -3.739200000000000301e+01
1.491441999999999916e-06 -3.770600000000000307e+01
1.491495999999999924e-06 -3.777199999999999847e+01
1.491549999999999933e-06 -3.749499999999999744e+01
1.491602999999999913e-06 -3.733100000000000307e+01
1.491656999999999922e-06 -3.735999999999999943e+01
1.491710999999999930e-06 -3.752700000000000102e+01
1.491763999999999911e-06 -3.739800000000000324e+01
1.491817999999999919e-06 -3.721000000000000085e+01
1.491871999999999927e-06 -3.726500000000000057e+01
1.491924999999999908e-06 -3.723899999999999721e+01
1.491978999999999916e-06 -3.718299999999999983e+01
1.492032999999999924e-06 -3.721900000000000119e+01
1.492085999999999905e-06 -3.720600000000000307e+01
1.492139999999999913e-06 -3.697899999999999920e+01
1.492193999999999922e-06 -3.679999999999999716e+01
1.492246999999999902e-06 -3.692300000000000182e+01
1.492300999999999911e-06 -3.721699999999999875e+01
1.492354999999999919e-06 -3.736500000000000199e+01
1.492407999999999900e-06 -3.714900000000000091e+01
1.492461999999999908e-06 -3.686299999999999955e+01
1.492515999999999916e-06 -3.688199999999999790e+01
1.492568999999999897e-06 -3.699199999999999733e+01
1.492622999999999905e-06 -3.698899999999999721e+01
1.492676999999999913e-06 -3.701800000000000068e+01
1.492729999999999894e-06 -3.704299999999999926e+01
1.492783999999999902e-06 -3.698199999999999932e+01
1.492837999999999911e-06 -3.683899999999999864e+01
1.492891999999999919e-06 -3.668800000000000239e+01
1.492945999999999927e-06 -3.675999999999999801e+01
1.492998999999999908e-06 -3.690299999999999869e+01
1.493052999999999916e-06 -3.683200000000000074e+01
1.493106999999999925e-06 -3.679699999999999704e+01
1.493159999999999905e-06 -3.665699999999999648e+01
1.493213999999999914e-06 -3.644800000000000040e+01
1.493267999999999922e-06 -3.647899999999999920e+01
1.493321999999999930e-06 -3.656000000000000227e+01
1.493374999999999911e-06 -3.658899999999999864e+01
1.493428999999999919e-06 -3.663000000000000256e+01
1.493482999999999927e-06 -3.664399999999999835e+01
1.493536999999999936e-06 -3.656600000000000250e+01
1.493590999999999944e-06 -3.649199999999999733e+01
1.493643999999999925e-06 -3.647800000000000153e+01
1.493697999999999933e-06 -3.649799999999999756e+01
1.493751999999999941e-06 -3.658299999999999841e+01
1.493805999999999950e-06 -3.661800000000000210e+01
1.493858999999999930e-06 -3.659700000000000131e+01
1.493912999999999939e-06 -3.642999999999999972e+01
1.493966999999999947e-06 -3.628300000000000125e+01
1.494020999999999955e-06 -3.639500000000000313e+01
1.494074999999999963e-06 -3.640800000000000125e+01
1.494127999999999944e-06 -3.629999999999999716e+01
1.494181999999999952e-06 -3.633899999999999864e+01
1.494235999999999961e-06 -3.639500000000000313e+01
1.494289999999999969e-06 -3.631099999999999994e+01
1.494343999999999977e-06 -3.622200000000000131e+01
1.494397999999999986e-06 -3.617300000000000182e+01
1.494450999999999966e-06 -3.603900000000000148e+01
1.494504999999999975e-06 -3.584499999999999886e+01
1.494558999999999983e-06 -3.569400000000000261e+01
1.494612999999999991e-06 -3.560699999999999932e+01
1.494666999999999999e-06 -3.558599999999999852e+01
1.494721000000000008e-06 -3.565899999999999892e+01
1.494773999999999988e-06 -3.577799999999999869e+01
1.494827999999999997e-06 -3.585000000000000142e+01
1.494882000000000005e-06 -3.592399999999999949e+01
1.494936000000000013e-06 -3.590599999999999881e+01
1.494990000000000022e-06 -3.578000000000000114e+01
1.495044000000000030e-06 -3.560900000000000176e+01
1.495098000000000038e-06 -3.542499999999999716e+01
1.495152000000000046e-06 -3.548499999999999943e+01
1.495206000000000055e-06 -3.572800000000000153e+01
1.495259000000000035e-06 -3.571200000000000330e+01
1.495313000000000044e-06 -3.550800000000000267e+01
1.495367000000000052e-06 -3.539800000000000324e+01
1.495421000000000060e-06 -3.537500000000000000e+01
1.495475000000000069e-06 -3.540800000000000125e+01
1.495529000000000077e-06 -3.529299999999999926e+01
1.495583000000000085e-06 -3.522599999999999909e+01
1.495637000000000093e-06 -3.532399999999999807e+01
1.495691000000000102e-06 -3.530400000000000205e+01
1.495744999999999898e-06 -3.524300000000000210e+01
1.495798000000000091e-06 -3.516400000000000148e+01
1.495852000000000099e-06 -3.516700000000000159e+01
1.495905999999999896e-06 -3.534499999999999886e+01
1.495959999999999904e-06 -3.531199999999999761e+01
1.496013999999999912e-06 -3.504399999999999693e+01
1.496067999999999920e-06 -3.498799999999999955e+01
1.496121999999999929e-06 -3.511500000000000199e+01
1.496175999999999937e-06 -3.516100000000000136e+01
1.496229999999999945e-06 -3.518500000000000227e+01
1.496283999999999954e-06 -3.529200000000000159e+01
1.496337999999999962e-06 -3.523799999999999955e+01
1.496391999999999970e-06 -3.500000000000000000e+01
1.496445999999999979e-06 -3.490800000000000125e+01
1.496499999999999987e-06 -3.491499999999999915e+01
1.496553999999999995e-06 -3.487899999999999778e+01
1.496608000000000003e-06 -3.484400000000000119e+01
1.496662000000000012e-06 -3.474399999999999977e+01
1.496716000000000020e-06 -3.465100000000000335e+01
1.496770000000000028e-06 -3.471000000000000085e+01
1.496824000000000037e-06 -3.475900000000000034e+01
1.496878000000000045e-06 -3.471500000000000341e+01
1.496932000000000053e-06 -3.468699999999999761e+01
1.496986000000000061e-06 -3.474000000000000199e+01
1.497040000000000070e-06 -3.481199999999999761e+01
1.497094000000000078e-06 -3.479599999999999937e+01
1.497148000000000086e-06 -3.472599999999999909e+01
1.497202000000000095e-06 -3.462599999999999767e+01
1.497256000000000103e-06 -3.455400000000000205e+01
1.497309999999999899e-06 -3.446699999999999875e+01
1.497363999999999908e-06 -3.436399999999999721e+01
1.497417999999999916e-06 -3.439800000000000324e+01
1.497471999999999924e-06 -3.452900000000000347e+01
1.497526999999999960e-06 -3.454500000000000171e+01
1.497580999999999968e-06 -3.444400000000000261e+01
1.497634999999999977e-06 -3.431499999999999773e+01
1.497688999999999985e-06 -3.427199999999999847e+01
1.497742999999999993e-06 -3.435499999999999687e+01
1.497797000000000002e-06 -3.437299999999999756e+01
1.497851000000000010e-06 -3.427499999999999858e+01
1.497905000000000018e-06 -3.418500000000000227e+01
1.497959000000000027e-06 -3.410099999999999909e+01
1.498013000000000035e-06 -3.402300000000000324e+01
1.498067000000000043e-06 -3.400699999999999790e+01
1.498121000000000051e-06 -3.400099999999999767e+01
1.498175000000000060e-06 -3.400500000000000256e+01
1.498229000000000068e-06 -3.408800000000000097e+01
1.498284000000000104e-06 -3.413400000000000034e+01
1.498337999999999900e-06 -3.413700000000000045e+01
1.498391999999999909e-06 -3.408800000000000097e+01
1.498445999999999917e-06 -3.398899999999999721e+01
1.498499999999999925e-06 -3.395900000000000318e+01
1.498553999999999934e-06 -3.404399999999999693e+01
1.498607999999999942e-06 -3.407800000000000296e+01
1.498661999999999950e-06 -3.392900000000000205e+01
1.498716999999999986e-06 -3.382099999999999795e+01
1.498770999999999994e-06 -3.382600000000000051e+01
1.498825000000000003e-06 -3.370499999999999829e+01
1.498879000000000011e-06 -3.357500000000000284e+01
1.498933000000000019e-06 -3.364500000000000313e+01
1.498988000000000055e-06 -3.371500000000000341e+01
1.499042000000000063e-06 -3.370199999999999818e+01
1.499096000000000072e-06 -3.364399999999999835e+01
1.499150000000000080e-06 -3.355799999999999983e+01
1.499204000000000088e-06 -3.363300000000000267e+01
1.499258000000000097e-06 -3.378300000000000125e+01
1.499312000000000105e-06 -3.369800000000000040e+01
1.499366999999999929e-06 -3.352199999999999847e+01
1.499420999999999937e-06 -3.350999999999999801e+01
1.499474999999999946e-06 -3.355799999999999983e+01
1.499528999999999954e-06 -3.357600000000000051e+01
1.499583999999999990e-06 -3.358400000000000318e+01
1.499637999999999998e-06 -3.354200000000000159e+01
1.499692000000000006e-06 -3.339999999999999858e+01
1.499746000000000015e-06 -3.329299999999999926e+01
1.499800000000000023e-06 -3.330299999999999727e+01
1.499855000000000059e-06 -3.328900000000000148e+01
1.499909000000000067e-06 -3.324199999999999733e+01
1.499963000000000075e-06 -3.322500000000000142e+01
1.500017000000000084e-06 -3.319700000000000273e+01
1.500071999999999908e-06 -3.316100000000000136e+01
1.500125999999999916e-06 -3.315100000000000335e+01
1.500179999999999924e-06 -3.319400000000000261e+01
1.500233999999999933e-06 -3.323599999999999710e+01
1.500288999999999969e-06 -3.318299999999999983e+01
1.500342999999999977e-06 -3.306700000000000017e+01
1.500396999999999985e-06 -3.297200000000000131e+01
1.500450999999999994e-06 -3.292600000000000193e+01
1.500506000000000029e-06 -3.290899999999999892e+01
1.500560000000000038e-06 -3.296500000000000341e+01
1.500614000000000046e-06 -3.299399999999999977e+01
1.500669000000000082e-06 -3.291599999999999682e+01
1.500723000000000090e-06 -3.288799999999999812e+01
1.500777000000000098e-06 -3.286500000000000199e+01
1.500830999999999895e-06 -3.280599999999999739e+01
1.500885999999999931e-06 -3.280599999999999739e+01
1.500939999999999939e-06 -3.278499999999999659e+01
1.500993999999999948e-06 -3.273599999999999710e+01
1.501048999999999983e-06 -3.275300000000000011e+01
1.501102999999999992e-06 -3.272999999999999687e+01
1.501157000000000000e-06 -3.266400000000000148e+01
1.501212000000000036e-06 -3.267499999999999716e+01
1.501266000000000044e-06 -3.264800000000000324e+01
1.501320000000000052e-06 -3.257999999999999829e+01
1.501375000000000088e-06 -3.256099999999999994e+01
1.501429000000000097e-06 -3.251899999999999835e+01
1.501483000000000105e-06 -3.242699999999999960e+01
1.501537999999999929e-06 -3.234599999999999653e+01
1.501591999999999937e-06 -3.233899999999999864e+01
1.501645999999999946e-06 -3.235099999999999909e+01
1.501700999999999982e-06 -3.234000000000000341e+01
1.501754999999999990e-06 -3.237599999999999767e+01
1.501808999999999998e-06 -3.241199999999999903e+01
1.501864000000000034e-06 -3.241299999999999670e+01
1.501918000000000042e-06 -3.238300000000000267e+01
1.501972000000000051e-06 -3.234000000000000341e+01
1.502027000000000087e-06 -3.233200000000000074e+01
1.502081000000000095e-06 -3.230499999999999972e+01
1.502135999999999919e-06 -3.225800000000000267e+01
1.502189999999999927e-06 -3.225900000000000034e+01
1.502243999999999936e-06 -3.225800000000000267e+01
1.502298999999999971e-06 -3.220900000000000318e+01
1.502352999999999980e-06 -3.214800000000000324e+01
1.502408000000000016e-06 -3.209300000000000352e+01
1.502462000000000024e-06 -3.207800000000000296e+01
1.502517000000000060e-06 -3.207900000000000063e+01
1.502571000000000068e-06 -3.200300000000000011e+01
1.502625000000000076e-06 -3.197800000000000153e+01
1.502679999999999901e-06 -3.205700000000000216e+01
1.502733999999999909e-06 -3.207600000000000051e+01
1.502788999999999945e-06 -3.201599999999999824e+01
1.502842999999999953e-06 -3.191300000000000026e+01
1.502896999999999961e-06 -3.183599999999999852e+01
1.502951999999999997e-06 -3.185099999999999909e+01
1.503007000000000033e-06 -3.185800000000000054e+01
1.503061000000000041e-06 -3.180999999999999872e+01
1.503115000000000050e-06 -3.182100000000000151e+01
1.503170000000000086e-06 -3.181800000000000139e+01
1.503224000000000094e-06 -3.169399999999999906e+01
1.503278999999999918e-06 -3.160999999999999943e+01
1.503332999999999926e-06 -3.164499999999999957e+01
1.503387999999999962e-06 -3.164799999999999969e+01
1.503441999999999970e-06 -3.158699999999999974e+01
1.503497000000000006e-06 -3.157999999999999829e+01
1.503551000000000015e-06 -3.157700000000000173e+01
1.503606000000000051e-06 -3.157100000000000151e+01
1.503660000000000059e-06 -3.159799999999999898e+01
1.503715000000000095e-06 -3.153600000000000136e+01
1.503769000000000103e-06 -3.142399999999999949e+01
1.503823999999999927e-06 -3.141700000000000159e+01
1.503877999999999935e-06 -3.143900000000000006e+01
1.503932999999999971e-06 -3.140500000000000114e+01
1.503986999999999980e-06 -3.139000000000000057e+01
1.504042000000000016e-06 -3.139900000000000091e+01
1.504096000000000024e-06 -3.139300000000000068e+01
1.504151000000000060e-06 -3.133299999999999841e+01
1.504205000000000068e-06 -3.127199999999999847e+01
1.504260000000000104e-06 -3.126399999999999935e+01
1.504314999999999928e-06 -3.130900000000000105e+01
1.504368999999999936e-06 -3.136400000000000077e+01
1.504423999999999972e-06 -3.133200000000000074e+01
1.504477999999999981e-06 -3.124200000000000088e+01
1.504533000000000016e-06 -3.120100000000000051e+01
1.504587000000000025e-06 -3.117200000000000060e+01
1.504642000000000061e-06 -3.114499999999999957e+01
1.504696000000000069e-06 -3.118299999999999983e+01
1.504751000000000105e-06 -3.119099999999999895e+01
1.504805999999999929e-06 -3.113500000000000156e+01
1.504859999999999937e-06 -3.107100000000000151e+01
1.504914999999999973e-06 -3.099699999999999989e+01
1.504968999999999981e-06 -3.096199999999999974e+01
1.505024000000000017e-06 -3.100799999999999912e+01
1.505079000000000053e-06 -3.101300000000000168e+01
1.505133000000000062e-06 -3.096399999999999864e+01
1.505188000000000097e-06 -3.096600000000000108e+01
1.505242000000000106e-06 -3.093700000000000117e+01
1.505296999999999930e-06 -3.084299999999999997e+01
1.505351999999999966e-06 -3.078200000000000003e+01
1.505405999999999974e-06 -3.076800000000000068e+01
1.505461000000000010e-06 -3.075300000000000011e+01
1.505516000000000046e-06 -3.073300000000000054e+01
1.505570000000000054e-06 -3.073900000000000077e+01
1.505625000000000090e-06 -3.076999999999999957e+01
1.505679999999999914e-06 -3.076399999999999935e+01
1.505733999999999922e-06 -3.072500000000000142e+01
1.505788999999999958e-06 -3.066600000000000037e+01
1.505843999999999994e-06 -3.061100000000000065e+01
1.505898000000000003e-06 -3.058899999999999864e+01
1.505953000000000038e-06 -3.054599999999999937e+01
1.506007000000000047e-06 -3.053300000000000125e+01
1.506062000000000083e-06 -3.057700000000000173e+01
1.506116999999999907e-06 -3.054799999999999827e+01
1.506170999999999915e-06 -3.046900000000000119e+01
1.506225999999999951e-06 -3.043799999999999883e+01
1.506280999999999987e-06 -3.045400000000000063e+01
1.506336000000000023e-06 -3.045700000000000074e+01
1.506390000000000031e-06 -3.041900000000000048e+01
1.506445000000000067e-06 -3.035000000000000142e+01
1.506500000000000103e-06 -3.027400000000000091e+01
1.506553999999999899e-06 -3.026200000000000045e+01
1.506608999999999935e-06 -3.031299999999999883e+01
1.506663999999999971e-06 -3.029100000000000037e+01
1.506719000000000007e-06 -3.017699999999999960e+01
1.506773000000000015e-06 -3.013700000000000045e+01
1.506828000000000051e-06 -3.015399999999999991e+01
1.506883000000000087e-06 -3.014000000000000057e+01
1.506937000000000095e-06 -3.012199999999999989e+01
1.506991999999999920e-06 -3.011100000000000065e+01
1.507046999999999955e-06 -3.010500000000000043e+01
1.507101999999999991e-06 -3.007700000000000173e+01
1.507157000000000027e-06 -3.007100000000000151e+01
1.507211000000000036e-06 -3.007999999999999829e+01
1.507266000000000071e-06 -3.006599999999999895e+01
1.507320999999999896e-06 -3.005600000000000094e+01
1.507375999999999931e-06 -3.001200000000000045e+01
1.507429999999999940e-06 -2.996300000000000097e+01
1.507484999999999976e-06 -2.993199999999999861e+01
1.507540000000000012e-06 -2.989499999999999957e+01
1.507595000000000047e-06 -2.988899999999999935e+01
1.507650000000000083e-06 -2.990099999999999980e+01
1.507704000000000092e-06 -2.986499999999999844e+01
1.507758999999999916e-06 -2.978800000000000026e+01
1.507813999999999952e-06 -2.975100000000000122e+01
1.507868999999999988e-06 -2.976000000000000156e+01
1.507922999999999996e-06 -2.976800000000000068e+01
1.507978000000000032e-06 -2.976300000000000168e+01
1.508033000000000068e-06 -2.975600000000000023e+01
1.508088000000000104e-06 -2.971900000000000119e+01
1.508142999999999928e-06 -2.960900000000000176e+01
1.508197999999999964e-06 -2.952199999999999847e+01
1.508251999999999972e-06 -2.953300000000000125e+01
1.508307000000000008e-06 -2.954799999999999827e+01
1.508362000000000044e-06 -2.952400000000000091e+01
1.508417000000000080e-06 -2.949899999999999878e+01
1.508471999999999904e-06 -2.948000000000000043e+01
1.508526999999999940e-06 -2.946900000000000119e+01
1.508580999999999948e-06 -2.944200000000000017e+01
1.508635999999999984e-06 -2.940899999999999892e+01
1.508691000000000020e-06 -2.937300000000000111e+01
1.508746000000000056e-06 -2.932499999999999929e+01
1.508801000000000091e-06 -2.928800000000000026e+01
1.508855999999999916e-06 -2.926300000000000168e+01
1.508910999999999951e-06 -2.925199999999999889e+01
1.508965999999999987e-06 -2.924800000000000111e+01
1.509021000000000023e-06 -2.921799999999999997e+01
1.509076000000000059e-06 -2.919800000000000040e+01
1.509130000000000067e-06 -2.920100000000000051e+01
1.509185000000000103e-06 -2.915399999999999991e+01
1.509239999999999928e-06 -2.911199999999999832e+01
1.509294999999999963e-06 -2.911899999999999977e+01
1.509349999999999999e-06 -2.910600000000000165e+01
1.509405000000000035e-06 -2.907199999999999918e+01
1.509460000000000071e-06 -2.904400000000000048e+01
1.509514999999999895e-06 -2.903500000000000014e+01
1.509569999999999931e-06 -2.902799999999999869e+01
1.509624999999999967e-06 -2.899899999999999878e+01
1.509680000000000003e-06 -2.895400000000000063e+01
1.509734000000000011e-06 -2.893499999999999872e+01
1.509790000000000075e-06 -2.895700000000000074e+01
1.509844000000000083e-06 -2.895200000000000173e+01
1.509898999999999907e-06 -2.891499999999999915e+01
1.509953999999999943e-06 -2.888700000000000045e+01
1.510008999999999979e-06 -2.886499999999999844e+01
1.510064000000000015e-06 -2.886100000000000065e+01
1.510119000000000051e-06 -2.885500000000000043e+01
1.510174000000000087e-06 -2.881800000000000139e+01
1.510228999999999911e-06 -2.880000000000000071e+01
1.510283999999999947e-06 -2.878300000000000125e+01
1.510338999999999983e-06 -2.873499999999999943e+01
1.510394000000000018e-06 -2.871999999999999886e+01
1.510449000000000054e-06 -2.873199999999999932e+01
1.510504000000000090e-06 -2.872200000000000131e+01
1.510558999999999914e-06 -2.868400000000000105e+01
1.510613999999999950e-06 -2.862800000000000011e+01
1.510668999999999986e-06 -2.855999999999999872e+01
1.510724000000000022e-06 -2.851699999999999946e+01
1.510779000000000058e-06 -2.851999999999999957e+01
1.510834000000000094e-06 -2.853099999999999881e+01
1.510888999999999918e-06 -2.851999999999999957e+01
1.510943999999999954e-06 -2.850600000000000023e+01
1.510998999999999990e-06 -2.847700000000000031e+01
1.511054000000000026e-06 -2.840899999999999892e+01
1.511109000000000062e-06 -2.835399999999999920e+01
1.511164000000000097e-06 -2.833299999999999841e+01
1.511218999999999922e-06 -2.834600000000000009e+01
1.511273999999999958e-06 -2.833200000000000074e+01
1.511330000000000021e-06 -2.826599999999999824e+01
1.511385000000000057e-06 -2.820200000000000173e+01
1.511440000000000093e-06 -2.816700000000000159e+01
1.511494999999999917e-06 -2.814999999999999858e+01
1.511549999999999953e-06 -2.815099999999999980e+01
1.511604999999999989e-06 -2.814199999999999946e+01
1.511660000000000025e-06 -2.811799999999999855e+01
1.511715000000000061e-06 -2.808099999999999952e+01
1.511770000000000096e-06 -2.806099999999999994e+01
1.511824999999999921e-06 -2.806899999999999906e+01
1.511879999999999956e-06 -2.805399999999999849e+01
1.511934999999999992e-06 -2.801999999999999957e+01
1.511991000000000056e-06 -2.800300000000000011e+01
1.512046000000000092e-06 -2.798499999999999943e+01
1.512100999999999916e-06 -2.795200000000000173e+01
1.512155999999999952e-06 -2.793499999999999872e+01
1.512210999999999988e-06 -2.791799999999999926e+01
1.512266000000000024e-06 -2.790899999999999892e+01
1.512321000000000059e-06 -2.791000000000000014e+01
1.512376999999999911e-06 -2.787600000000000122e+01
1.512431999999999947e-06 -2.781599999999999895e+01
1.512486999999999983e-06 -2.777400000000000091e+01
1.512542000000000019e-06 -2.779299999999999926e+01
1.512597000000000055e-06 -2.782600000000000051e+01
1.512652000000000091e-06 -2.778300000000000125e+01
1.512706999999999915e-06 -2.770200000000000173e+01
1.512762999999999978e-06 -2.767800000000000082e+01
1.512818000000000014e-06 -2.773100000000000165e+01
1.512873000000000050e-06 -2.774899999999999878e+01
1.512928000000000086e-06 -2.768599999999999994e+01
1.512982999999999910e-06 -2.762399999999999878e+01
1.513037999999999946e-06 -2.759600000000000009e+01
1.513094000000000010e-06 -2.760600000000000165e+01
1.513149000000000045e-06 -2.760399999999999920e+01
1.513204000000000081e-06 -2.757100000000000151e+01
1.513258999999999905e-06 -2.755199999999999960e+01
1.513313999999999941e-06 -2.754599999999999937e+01
1.513370000000000005e-06 -2.753500000000000014e+01
1.513425000000000041e-06 -2.750300000000000011e+01
1.513480000000000077e-06 -2.743900000000000006e+01
1.513534999999999901e-06 -2.740200000000000102e+01
1.513589999999999937e-06 -2.741600000000000037e+01
1.513646000000000000e-06 -2.740399999999999991e+01
1.513701000000000036e-06 -2.735200000000000031e+01
1.513756000000000072e-06 -2.730799999999999983e+01
1.513810999999999896e-06 -2.728200000000000003e+01
1.513866999999999960e-06 -2.725400000000000134e+01
1.513921999999999996e-06 -2.725400000000000134e+01
1.513977000000000031e-06 -2.725799999999999912e+01
1.514032000000000067e-06 -2.722599999999999909e+01
1.514087999999999919e-06 -2.720499999999999829e+01
1.514142999999999955e-06 -2.716400000000000148e+01
1.514197999999999991e-06 -2.712000000000000099e+01
1.514254000000000054e-06 -2.711899999999999977e+01
1.514309000000000090e-06 -2.709600000000000009e+01
1.514363999999999914e-06 -2.705600000000000094e+01
1.514418999999999950e-06 -2.701800000000000068e+01
1.514475000000000014e-06 -2.698999999999999844e+01
1.514530000000000050e-06 -2.699299999999999855e+01
1.514585000000000086e-06 -2.696699999999999875e+01
1.514639999999999910e-06 -2.691400000000000148e+01
1.514695999999999973e-06 -2.688599999999999923e+01
1.514751000000000009e-06 -2.687800000000000011e+01
1.514806000000000045e-06 -2.687600000000000122e+01
1.514861999999999897e-06 -2.685699999999999932e+01
1.514916999999999933e-06 -2.682600000000000051e+01
1.514971999999999969e-06 -2.682799999999999940e+01
1.515028000000000032e-06 -2.681299999999999883e+01
1.515083000000000068e-06 -2.678000000000000114e+01
1.515138000000000104e-06 -2.677299999999999969e+01
1.515193999999999956e-06 -2.675799999999999912e+01
1.515248999999999991e-06 -2.671999999999999886e+01
1.515304000000000027e-06 -2.669999999999999929e+01
1.515360000000000091e-06 -2.671600000000000108e+01
1.515414999999999915e-06 -2.672700000000000031e+01
1.515469999999999951e-06 -2.669399999999999906e+01
1.515526000000000014e-06 -2.664000000000000057e+01
1.515581000000000050e-06 -2.662800000000000011e+01
1.515636000000000086e-06 -2.666000000000000014e+01
1.515691999999999938e-06 -2.666499999999999915e+01
1.515746999999999974e-06 -2.660999999999999943e+01
1.515803000000000037e-06 -2.654200000000000159e+01
1.515858000000000073e-06 -2.652499999999999858e+01
1.515912999999999897e-06 -2.655900000000000105e+01
1.515968999999999961e-06 -2.657100000000000151e+01
1.516023999999999997e-06 -2.651000000000000156e+01
1.516080000000000060e-06 -2.643900000000000006e+01
1.516135000000000096e-06 -2.643700000000000117e+01
1.516190999999999948e-06 -2.647100000000000009e+01
1.516245999999999984e-06 -2.646699999999999875e+01
1.516301000000000020e-06 -2.642299999999999827e+01
1.516357000000000083e-06 -2.636100000000000065e+01
1.516411999999999907e-06 -2.632799999999999940e+01
1.516467999999999971e-06 -2.633299999999999841e+01
1.516523000000000007e-06 -2.632900000000000063e+01
1.516579000000000070e-06 -2.630900000000000105e+01
1.516633999999999894e-06 -2.628099999999999881e+01
1.516688999999999930e-06 -2.625499999999999901e+01
1.516744999999999994e-06 -2.623199999999999932e+01
1.516800000000000030e-06 -2.620899999999999963e+01
1.516856000000000093e-06 -2.619999999999999929e+01
1.516910999999999917e-06 -2.616900000000000048e+01
1.516966999999999981e-06 -2.611199999999999832e+01
1.517022000000000017e-06 -2.609299999999999997e+01
1.517078000000000080e-06 -2.609900000000000020e+01
1.517132999999999904e-06 -2.607799999999999940e+01
1.517188999999999968e-06 -2.604299999999999926e+01
1.517244000000000004e-06 -2.600100000000000122e+01
1.517300000000000067e-06 -2.597100000000000009e+01
1.517355000000000103e-06 -2.597500000000000142e+01
1.517410999999999955e-06 -2.598100000000000165e+01
1.517465999999999991e-06 -2.596799999999999997e+01
1.517522000000000054e-06 -2.594000000000000128e+01
1.517577000000000090e-06 -2.590700000000000003e+01
1.517632999999999942e-06 -2.589300000000000068e+01
1.517687999999999978e-06 -2.588899999999999935e+01
1.517744000000000041e-06 -2.587000000000000099e+01
1.517799000000000077e-06 -2.585500000000000043e+01
1.517854999999999929e-06 -2.584499999999999886e+01
1.517909999999999965e-06 -2.580900000000000105e+01
1.517966000000000028e-06 -2.576999999999999957e+01
1.518021000000000064e-06 -2.575799999999999912e+01
1.518076999999999916e-06 -2.576099999999999923e+01
1.518131999999999952e-06 -2.576399999999999935e+01
1.518188000000000015e-06 -2.575300000000000011e+01
1.518244000000000079e-06 -2.571900000000000119e+01
1.518298999999999903e-06 -2.567599999999999838e+01
1.518354999999999966e-06 -2.567000000000000171e+01
1.518410000000000002e-06 -2.569399999999999906e+01
1.518466000000000066e-06 -2.569000000000000128e+01
1.518521999999999918e-06 -2.564799999999999969e+01
1.518576999999999953e-06 -2.559299999999999997e+01
1.518633000000000017e-06 -2.557799999999999940e+01
1.518688000000000053e-06 -2.560099999999999909e+01
1.518743999999999905e-06 -2.560200000000000031e+01
1.518799999999999968e-06 -2.557000000000000028e+01
1.518855000000000004e-06 -2.552599999999999980e+01
1.518911000000000068e-06 -2.549399999999999977e+01
1.518966000000000103e-06 -2.550100000000000122e+01
1.519021999999999955e-06 -2.551300000000000168e+01
1.519078000000000019e-06 -2.548300000000000054e+01
1.519133000000000055e-06 -2.544000000000000128e+01
1.519188999999999906e-06 -2.542000000000000171e+01
1.519244999999999970e-06 -2.541799999999999926e+01
1.519300000000000006e-06 -2.541799999999999926e+01
1.519356000000000069e-06 -2.539099999999999824e+01
1.519411000000000105e-06 -2.533399999999999963e+01
1.519466999999999957e-06 -2.530099999999999838e+01
1.519523000000000020e-06 -2.529799999999999827e+01
1.519578000000000056e-06 -2.528900000000000148e+01
1.519633999999999908e-06 -2.526899999999999835e+01
1.519689999999999971e-06 -2.524399999999999977e+01
1.519745000000000007e-06 -2.522800000000000153e+01
1.519801000000000071e-06 -2.522599999999999909e+01
1.519856999999999923e-06 -2.520299999999999940e+01
1.519912999999999986e-06 -2.516499999999999915e+01
1.519968000000000022e-06 -2.515500000000000114e+01
1.520024000000000085e-06 -2.514900000000000091e+01
1.520079999999999937e-06 -2.513200000000000145e+01
1.520134999999999973e-06 -2.510699999999999932e+01
1.520191000000000037e-06 -2.508500000000000085e+01
1.520247000000000100e-06 -2.508200000000000074e+01
1.520301999999999924e-06 -2.506599999999999895e+01
1.520357999999999988e-06 -2.503900000000000148e+01
1.520414000000000051e-06 -2.503099999999999881e+01
1.520469999999999903e-06 -2.501699999999999946e+01
1.520524999999999939e-06 -2.499699999999999989e+01
1.520581000000000002e-06 -2.498999999999999844e+01
1.520637000000000066e-06 -2.497299999999999898e+01
1.520692000000000102e-06 -2.495400000000000063e+01
1.520747999999999954e-06 -2.496699999999999875e+01
1.520804000000000017e-06 -2.497400000000000020e+01
1.520860000000000081e-06 -2.493199999999999861e+01
1.520914999999999905e-06 -2.486700000000000088e+01
1.520970999999999968e-06 -2.483699999999999974e+01
1.521027000000000032e-06 -2.486299999999999955e+01
1.521083000000000095e-06 -2.490099999999999980e+01
1.521138999999999947e-06 -2.489499999999999957e+01
1.521193999999999983e-06 -2.485800000000000054e+01
1.521250000000000046e-06 -2.482499999999999929e+01
1.521305999999999898e-06 -2.482900000000000063e+01
1.521361999999999962e-06 -2.485099999999999909e+01
1.521418000000000025e-06 -2.483500000000000085e+01
1.521473000000000061e-06 -2.477599999999999980e+01
1.521528999999999913e-06 -2.472500000000000142e+01
1.521584999999999976e-06 -2.472400000000000020e+01
1.521641000000000040e-06 -2.474800000000000111e+01
1.521697000000000103e-06 -2.474599999999999866e+01
1.521751999999999927e-06 -2.469900000000000162e+01
1.521807999999999991e-06 -2.466400000000000148e+01
1.521864000000000054e-06 -2.466499999999999915e+01
1.521919999999999906e-06 -2.465200000000000102e+01
1.521975999999999970e-06 -2.463100000000000023e+01
1.522032000000000033e-06 -2.459900000000000020e+01
1.522087000000000069e-06 -2.458200000000000074e+01
1.522142999999999921e-06 -2.459100000000000108e+01
1.522198999999999984e-06 -2.457900000000000063e+01
1.522255000000000048e-06 -2.453200000000000003e+01
1.522310999999999899e-06 -2.449299999999999855e+01
1.522366999999999963e-06 -2.450000000000000000e+01
1.522423000000000026e-06 -2.453699999999999903e+01
1.522478000000000062e-06 -2.453900000000000148e+01
1.522533999999999914e-06 -2.447700000000000031e+01
1.522589999999999978e-06 -2.441400000000000148e+01
1.522646000000000041e-06 -2.441400000000000148e+01
1.522702000000000105e-06 -2.444999999999999929e+01
1.522757999999999956e-06 -2.444200000000000017e+01
1.522814000000000020e-06 -2.438700000000000045e+01
1.522870000000000083e-06 -2.435000000000000142e+01
1.522925999999999935e-06 -2.435800000000000054e+01
1.522981999999999999e-06 -2.439000000000000057e+01
1.523037000000000034e-06 -2.439900000000000091e+01
1.523093000000000098e-06 -2.436100000000000065e+01
1.523148999999999950e-06 -2.430000000000000071e+01
1.523205000000000013e-06 -2.428500000000000014e+01
1.523261000000000077e-06 -2.433599999999999852e+01
1.523316999999999928e-06 -2.436799999999999855e+01
1.523372999999999992e-06 -2.432199999999999918e+01
1.523429000000000055e-06 -2.424800000000000111e+01
1.523484999999999907e-06 -2.421699999999999875e+01
1.523540999999999971e-06 -2.424800000000000111e+01
1.523597000000000034e-06 -2.428699999999999903e+01
1.523653000000000098e-06 -2.425799999999999912e+01
1.523708999999999949e-06 -2.418799999999999883e+01
1.523765000000000013e-06 -2.415700000000000003e+01
1.523821000000000076e-06 -2.417599999999999838e+01
1.523876999999999928e-06 -2.420499999999999829e+01
1.523932999999999992e-06 -2.419300000000000139e+01
1.523989000000000055e-06 -2.414399999999999835e+01
1.524044999999999907e-06 -2.411499999999999844e+01
1.524100999999999970e-06 -2.412199999999999989e+01
1.524156000000000006e-06 -2.412199999999999989e+01
1.524213000000000097e-06 -2.409299999999999997e+01
1.524268999999999949e-06 -2.405900000000000105e+01
1.524325000000000013e-06 -2.405399999999999849e+01
1.524381000000000076e-06 -2.406700000000000017e+01
1.524436999999999928e-06 -2.405499999999999972e+01
1.524492999999999991e-06 -2.401200000000000045e+01
1.524549000000000055e-06 -2.397899999999999920e+01
1.524604999999999907e-06 -2.398400000000000176e+01
1.524660999999999970e-06 -2.400700000000000145e+01
1.524717000000000034e-06 -2.399699999999999989e+01
1.524773000000000097e-06 -2.394099999999999895e+01
1.524828999999999949e-06 -2.388599999999999923e+01
1.524885000000000012e-06 -2.388100000000000023e+01
1.524941000000000076e-06 -2.391300000000000026e+01
1.524996999999999928e-06 -2.392099999999999937e+01
1.525052999999999991e-06 -2.387399999999999878e+01
1.525109000000000055e-06 -2.380399999999999849e+01
1.525164999999999906e-06 -2.376699999999999946e+01
1.525220999999999970e-06 -2.378699999999999903e+01
1.525277000000000033e-06 -2.382400000000000162e+01
1.525333999999999913e-06 -2.381299999999999883e+01
1.525389999999999976e-06 -2.376399999999999935e+01
1.525446000000000040e-06 -2.371199999999999974e+01
1.525502000000000103e-06 -2.367999999999999972e+01
1.525557999999999955e-06 -2.371999999999999886e+01
1.525614000000000018e-06 -2.373199999999999932e+01
1.525670000000000082e-06 -2.369300000000000139e+01
1.525725999999999934e-06 -2.363899999999999935e+01
1.525781999999999997e-06 -2.362300000000000111e+01
1.525838000000000061e-06 -2.364900000000000091e+01
1.525894999999999940e-06 -2.366700000000000159e+01
1.525951000000000003e-06 -2.363800000000000168e+01
1.526007000000000067e-06 -2.358800000000000097e+01
1.526062999999999919e-06 -2.356500000000000128e+01
1.526118999999999982e-06 -2.357700000000000173e+01
1.526175000000000046e-06 -2.359600000000000009e+01
1.526230999999999897e-06 -2.358500000000000085e+01
1.526287999999999989e-06 -2.353999999999999915e+01
1.526344000000000052e-06 -2.350400000000000134e+01
1.526399999999999904e-06 -2.350600000000000023e+01
1.526455999999999967e-06 -2.352199999999999847e+01
1.526512000000000031e-06 -2.351800000000000068e+01
1.526568000000000094e-06 -2.348199999999999932e+01
1.526623999999999946e-06 -2.342800000000000082e+01
1.526681000000000037e-06 -2.340299999999999869e+01
1.526737000000000101e-06 -2.342800000000000082e+01
1.526792999999999952e-06 -2.346399999999999864e+01
1.526849000000000016e-06 -2.344999999999999929e+01
1.526905999999999895e-06 -2.337199999999999989e+01
1.526961999999999959e-06 -2.330999999999999872e+01
1.527018000000000022e-06 -2.333099999999999952e+01
1.527074000000000086e-06 -2.339900000000000091e+01
1.527129999999999937e-06 -2.341700000000000159e+01
1.527187000000000029e-06 -2.334199999999999875e+01
1.527243000000000092e-06 -2.326399999999999935e+01
1.527298999999999944e-06 -2.326599999999999824e+01
1.527355000000000007e-06 -2.332300000000000040e+01
1.527411000000000071e-06 -2.334499999999999886e+01
1.527467999999999950e-06 -2.327700000000000102e+01
1.527524000000000014e-06 -2.319800000000000040e+01
1.527580000000000077e-06 -2.321000000000000085e+01
1.527636999999999957e-06 -2.327299999999999969e+01
1.527693000000000020e-06 -2.327100000000000080e+01
1.527749000000000084e-06 -2.318599999999999994e+01
1.527804999999999935e-06 -2.311400000000000077e+01
1.527862000000000026e-06 -2.312399999999999878e+01
1.527918000000000090e-06 -2.317599999999999838e+01
1.527973999999999942e-06 -2.319399999999999906e+01
1.528030000000000005e-06 -2.314099999999999824e+01
1.528087000000000096e-06 -2.305699999999999861e+01
1.528142999999999948e-06 -2.302400000000000091e+01
1.528199000000000011e-06 -2.306299999999999883e+01
1.528255000000000075e-06 -2.309700000000000131e+01
1.528311999999999954e-06 -2.305900000000000105e+01
1.528368000000000018e-06 -2.298799999999999955e+01
1.528424000000000081e-06 -2.296000000000000085e+01
1.528480999999999961e-06 -2.299099999999999966e+01
1.528537000000000024e-06 -2.301399999999999935e+01
1.528593000000000088e-06 -2.298600000000000065e+01
1.528649999999999967e-06 -2.294399999999999906e+01
1.528706000000000030e-06 -2.293199999999999861e+01
1.528762000000000094e-06 -2.293400000000000105e+01
1.528818999999999973e-06 -2.291400000000000148e+01
1.528875000000000037e-06 -2.288899999999999935e+01
1.528931000000000100e-06 -2.288700000000000045e+01
1.528987999999999980e-06 -2.289600000000000080e+01
1.529044000000000043e-06 -2.289000000000000057e+01
1.529100999999999923e-06 -2.285399999999999920e+01
1.529156999999999986e-06 -2.281299999999999883e+01
1.529213000000000050e-06 -2.281099999999999994e+01
1.529269999999999929e-06 -2.282999999999999829e+01
1.529325999999999992e-06 -2.282000000000000028e+01
1.529382000000000056e-06 -2.278600000000000136e+01
1.529438999999999935e-06 -2.276200000000000045e+01
1.529494999999999999e-06 -2.276899999999999835e+01
1.529551000000000062e-06 -2.277899999999999991e+01
1.529607999999999942e-06 -2.275499999999999901e+01
1.529664000000000005e-06 -2.271199999999999974e+01
1.529721000000000096e-06 -2.269699999999999918e+01
1.529776999999999948e-06 -2.271699999999999875e+01
1.529834000000000039e-06 -2.272800000000000153e+01
1.529890000000000102e-06 -2.270200000000000173e+01
1.529945999999999954e-06 -2.267299999999999827e+01
1.530003000000000045e-06 -2.267500000000000071e+01
1.530058999999999897e-06 -2.269600000000000151e+01
1.530115999999999988e-06 -2.269500000000000028e+01
1.530172000000000052e-06 -2.266199999999999903e+01
1.530228999999999931e-06 -2.264000000000000057e+01
1.530284999999999995e-06 -2.264499999999999957e+01
1.530341000000000058e-06 -2.264999999999999858e+01
1.530397999999999937e-06 -2.262900000000000134e+01
1.530454000000000001e-06 -2.259400000000000119e+01
1.530511000000000092e-06 -2.257900000000000063e+01
1.530566999999999944e-06 -2.258399999999999963e+01
1.530624000000000035e-06 -2.257900000000000063e+01
1.530680000000000098e-06 -2.254799999999999827e+01
1.530736999999999978e-06 -2.252199999999999847e+01
1.530793000000000041e-06 -2.252400000000000091e+01
1.530849999999999921e-06 -2.252499999999999858e+01
1.530905999999999984e-06 -2.249599999999999866e+01
1.530963000000000075e-06 -2.246799999999999997e+01
1.531018999999999927e-06 -2.247400000000000020e+01
1.531076000000000018e-06 -2.247700000000000031e+01
1.531132000000000081e-06 -2.243799999999999883e+01
1.531188999999999961e-06 -2.239300000000000068e+01
1.531245000000000024e-06 -2.239000000000000057e+01
1.531301999999999904e-06 -2.241700000000000159e+01
1.531357999999999967e-06 -2.241600000000000037e+01
1.531415000000000058e-06 -2.236199999999999832e+01
1.531470999999999910e-06 -2.231200000000000117e+01
1.531528000000000001e-06 -2.232999999999999829e+01
1.531585000000000092e-06 -2.238100000000000023e+01
1.531640999999999944e-06 -2.237699999999999889e+01
1.531698000000000035e-06 -2.230600000000000094e+01
1.531754000000000099e-06 -2.224200000000000088e+01
1.531810999999999978e-06 -2.226800000000000068e+01
1.531867000000000041e-06 -2.235300000000000153e+01
1.531923999999999921e-06 -2.236700000000000088e+01
1.531979999999999984e-06 -2.228600000000000136e+01
1.532037000000000075e-06 -2.221600000000000108e+01
1.532093999999999955e-06 -2.223799999999999955e+01
1.532150000000000018e-06 -2.231099999999999994e+01
1.532206999999999898e-06 -2.233899999999999864e+01
1.532262999999999961e-06 -2.229400000000000048e+01
1.532320000000000052e-06 -2.223900000000000077e+01
1.532375999999999904e-06 -2.222899999999999920e+01
1.532432999999999995e-06 -2.226000000000000156e+01
1.532490000000000086e-06 -2.229500000000000171e+01
1.532545999999999938e-06 -2.229700000000000060e+01
1.532603000000000029e-06 -2.225600000000000023e+01
1.532659999999999908e-06 -2.221399999999999864e+01
1.532715999999999972e-06 -2.221300000000000097e+01
1.532773000000000063e-06 -2.226000000000000156e+01
1.532829999999999942e-06 -2.228600000000000136e+01
1.532886000000000006e-06 -2.226800000000000068e+01
1.532943000000000097e-06 -2.222200000000000131e+01
1.532998999999999949e-06 -2.219800000000000040e+01
1.533056000000000040e-06 -2.221600000000000108e+01
1.533112999999999919e-06 -2.225199999999999889e+01
1.533168999999999983e-06 -2.225700000000000145e+01
1.533226000000000074e-06 -2.221499999999999986e+01
1.533282999999999953e-06 -2.216799999999999926e+01
1.533340000000000044e-06 -2.216300000000000026e+01
1.533395999999999896e-06 -2.219200000000000017e+01
1.533452999999999987e-06 -2.221399999999999864e+01
1.533509000000000050e-06 -2.218400000000000105e+01
1.533565999999999930e-06 -2.212800000000000011e+01
1.533623000000000021e-06 -2.211100000000000065e+01
1.533679999999999900e-06 -2.213299999999999912e+01
1.533735999999999964e-06 -2.214199999999999946e+01
1.533793000000000055e-06 -2.210800000000000054e+01
1.533849999999999934e-06 -2.206599999999999895e+01
1.533905999999999998e-06 -2.205900000000000105e+01
1.533963000000000089e-06 -2.206599999999999895e+01
1.534019999999999968e-06 -2.206099999999999994e+01
1.534077000000000059e-06 -2.204899999999999949e+01
1.534132999999999911e-06 -2.204400000000000048e+01
1.534190000000000002e-06 -2.203200000000000003e+01
1.534247000000000093e-06 -2.199899999999999878e+01
1.534303999999999972e-06 -2.197899999999999920e+01
1.534360000000000036e-06 -2.198900000000000077e+01
1.534416999999999915e-06 -2.201000000000000156e+01
1.534474000000000006e-06 -2.200700000000000145e+01
1.534531000000000098e-06 -2.196300000000000097e+01
1.534586999999999949e-06 -2.192099999999999937e+01
1.534644000000000040e-06 -2.193400000000000105e+01
1.534700999999999920e-06 -2.198400000000000176e+01
1.534758000000000011e-06 -2.199699999999999989e+01
1.534814000000000074e-06 -2.194699999999999918e+01
1.534870999999999954e-06 -2.189399999999999835e+01
1.534928000000000045e-06 -2.190800000000000125e+01
1.534984999999999924e-06 -2.198199999999999932e+01
1.535042000000000015e-06 -2.200600000000000023e+01
1.535098000000000079e-06 -2.193499999999999872e+01
1.535154999999999958e-06 -2.186799999999999855e+01
1.535212000000000049e-06 -2.189300000000000068e+01
1.535268999999999929e-06 -2.196999999999999886e+01
1.535326000000000020e-06 -2.198699999999999832e+01
1.535382000000000083e-06 -2.191799999999999926e+01
1.535438999999999962e-06 -2.186400000000000077e+01
1.535496000000000054e-06 -2.189300000000000068e+01
1.535552999999999933e-06 -2.195400000000000063e+01
1.535610000000000024e-06 -2.195700000000000074e+01
1.535666999999999903e-06 -2.189999999999999858e+01
1.535722999999999967e-06 -2.186799999999999855e+01
1.535780000000000058e-06 -2.189900000000000091e+01
1.535836999999999937e-06 -2.193599999999999994e+01
1.535894000000000028e-06 -2.192299999999999827e+01
1.535950999999999908e-06 -2.187099999999999866e+01
1.536007999999999999e-06 -2.185800000000000054e+01
1.536065000000000090e-06 -2.189799999999999969e+01
1.536121999999999969e-06 -2.191100000000000136e+01
1.536179000000000060e-06 -2.186299999999999955e+01
1.536234999999999912e-06 -2.181400000000000006e+01
1.536292000000000003e-06 -2.183399999999999963e+01
1.536349000000000094e-06 -2.187500000000000000e+01
1.536405999999999974e-06 -2.186799999999999855e+01
1.536463000000000065e-06 -2.180499999999999972e+01
1.536519999999999944e-06 -2.175600000000000023e+01
1.536577000000000035e-06 -2.177599999999999980e+01
1.536633999999999915e-06 -2.182300000000000040e+01
1.536691000000000006e-06 -2.180099999999999838e+01
1.536748000000000097e-06 -2.172100000000000009e+01
1.536803999999999949e-06 -2.169300000000000139e+01
1.536861000000000040e-06 -2.175499999999999901e+01
1.536917999999999919e-06 -2.181800000000000139e+01
1.536975000000000010e-06 -2.177899999999999991e+01
1.537032000000000101e-06 -2.167399999999999949e+01
1.537088999999999981e-06 -2.165399999999999991e+01
1.537146000000000072e-06 -2.174899999999999878e+01
1.537202999999999951e-06 -2.180399999999999849e+01
1.537260000000000042e-06 -2.172899999999999920e+01
1.537316999999999921e-06 -2.164000000000000057e+01
1.537374000000000013e-06 -2.166700000000000159e+01
1.537431000000000104e-06 -2.176699999999999946e+01
1.537487999999999983e-06 -2.179899999999999949e+01
1.537545000000000074e-06 -2.172200000000000131e+01
1.537601999999999953e-06 -2.164600000000000080e+01
1.537659000000000045e-06 -2.167299999999999827e+01
1.537715999999999924e-06 -2.175700000000000145e+01
1.537773000000000015e-06 -2.178000000000000114e+01
1.537829999999999894e-06 -2.172700000000000031e+01
1.537886999999999985e-06 -2.169399999999999906e+01
1.537944000000000077e-06 -2.171099999999999852e+01
1.538000999999999956e-06 -2.171600000000000108e+01
1.538058000000000047e-06 -2.168499999999999872e+01
1.538114999999999926e-06 -2.167299999999999827e+01
1.538172000000000017e-06 -2.172899999999999920e+01
1.538228999999999897e-06 -2.176800000000000068e+01
1.538285999999999988e-06 -2.170200000000000173e+01
1.538343000000000079e-06 -2.161899999999999977e+01
1.538399999999999958e-06 -2.165200000000000102e+01
1.538457000000000049e-06 -2.176699999999999946e+01
1.538513999999999929e-06 -2.179599999999999937e+01
1.538571000000000020e-06 -2.169600000000000151e+01
1.538627999999999899e-06 -2.160800000000000054e+01
1.538686000000000018e-06 -2.164699999999999847e+01
1.538742999999999897e-06 -2.174899999999999878e+01
1.538799999999999988e-06 -2.176899999999999835e+01
1.538857000000000079e-06 -2.167599999999999838e+01
1.538913999999999959e-06 -2.160399999999999920e+01
1.538971000000000050e-06 -2.165099999999999980e+01
1.539027999999999929e-06 -2.173600000000000065e+01
1.539085000000000020e-06 -2.173900000000000077e+01
1.539141999999999900e-06 -2.167200000000000060e+01
1.539198999999999991e-06 -2.162699999999999889e+01
1.539256000000000082e-06 -2.163800000000000168e+01
1.539313999999999989e-06 -2.165399999999999991e+01
1.539371000000000080e-06 -2.164399999999999835e+01
1.539427999999999959e-06 -2.162500000000000000e+01
1.539485000000000050e-06 -2.160900000000000176e+01
1.539541999999999930e-06 -2.160999999999999943e+01
1.539599000000000021e-06 -2.161299999999999955e+01
1.539655999999999900e-06 -2.158200000000000074e+01
1.539712999999999991e-06 -2.153099999999999881e+01
1.539770999999999898e-06 -2.151300000000000168e+01
1.539827999999999989e-06 -2.153399999999999892e+01
1.539885000000000080e-06 -2.155600000000000094e+01
1.539941999999999960e-06 -2.154899999999999949e+01
1.539999000000000051e-06 -2.150600000000000023e+01
1.540055999999999930e-06 -2.146799999999999997e+01
1.540114000000000049e-06 -2.144099999999999895e+01
1.540170999999999928e-06 -2.145200000000000173e+01
1.540228000000000019e-06 -2.150300000000000011e+01
1.540284999999999899e-06 -2.153500000000000014e+01
1.540341999999999990e-06 -2.149599999999999866e+01
1.540399999999999897e-06 -2.142000000000000171e+01
1.540456999999999988e-06 -2.138599999999999923e+01
1.540514000000000079e-06 -2.143100000000000094e+01
1.540570999999999958e-06 -2.149500000000000099e+01
1.540629000000000077e-06 -2.149899999999999878e+01
1.540685999999999956e-06 -2.145100000000000051e+01
1.540743000000000048e-06 -2.140599999999999881e+01
1.540799999999999927e-06 -2.139999999999999858e+01
1.540857000000000018e-06 -2.142699999999999960e+01
1.540914999999999925e-06 -2.143799999999999883e+01
1.540972000000000016e-06 -2.142000000000000171e+01
1.541028999999999895e-06 -2.141400000000000148e+01
1.541085999999999986e-06 -2.142500000000000071e+01
1.541144000000000105e-06 -2.142299999999999827e+01
1.541200999999999985e-06 -2.139600000000000080e+01
1.541258000000000076e-06 -2.136700000000000088e+01
1.541314999999999955e-06 -2.138400000000000034e+01
1.541373000000000074e-06 -2.143700000000000117e+01
1.541429999999999953e-06 -2.144600000000000151e+01
1.541487000000000044e-06 -2.137699999999999889e+01
1.541543999999999923e-06 -2.131700000000000017e+01
1.541602000000000042e-06 -2.136700000000000088e+01
1.541658999999999922e-06 -2.146000000000000085e+01
1.541716000000000013e-06 -2.144500000000000028e+01
1.541773999999999920e-06 -2.132700000000000173e+01
1.541831000000000011e-06 -2.127899999999999991e+01
1.541888000000000102e-06 -2.136599999999999966e+01
1.541946000000000009e-06 -2.144900000000000162e+01
1.542003000000000100e-06 -2.141199999999999903e+01
1.542059999999999979e-06 -2.131800000000000139e+01
1.542118000000000098e-06 -2.128399999999999892e+01
1.542174999999999977e-06 -2.133200000000000074e+01
1.542232000000000068e-06 -2.139000000000000057e+01
1.542289999999999975e-06 -2.137099999999999866e+01
1.542347000000000066e-06 -2.128699999999999903e+01
1.542403999999999946e-06 -2.124399999999999977e+01
1.542462000000000064e-06 -2.129100000000000037e+01
1.542518999999999944e-06 -2.134700000000000131e+01
1.542576000000000035e-06 -2.132400000000000162e+01
1.542633999999999942e-06 -2.125700000000000145e+01
1.542691000000000033e-06 -2.123699999999999832e+01
1.542747999999999912e-06 -2.125600000000000023e+01
1.542806000000000031e-06 -2.126399999999999935e+01
1.542862999999999910e-06 -2.127100000000000080e+01
1.542920000000000001e-06 -2.128200000000000003e+01
1.542977999999999908e-06 -2.125300000000000011e+01
1.543035000000000000e-06 -2.118499999999999872e+01
1.543092999999999906e-06 -2.117000000000000171e+01
1.543149999999999998e-06 -2.125000000000000000e+01
1.543207999999999905e-06 -2.131899999999999906e+01
1.543264999999999996e-06 -2.126500000000000057e+01
1.543322000000000087e-06 -2.115899999999999892e+01
1.543379999999999994e-06 -2.114000000000000057e+01
1.543437000000000085e-06 -2.121799999999999997e+01
1.543494999999999992e-06 -2.129899999999999949e+01
1.543552000000000083e-06 -2.128900000000000148e+01
1.543609999999999990e-06 -2.119099999999999895e+01
1.543667000000000081e-06 -2.114000000000000057e+01
1.543723999999999960e-06 -2.122500000000000142e+01
1.543782000000000079e-06 -2.132300000000000040e+01
1.543838999999999958e-06 -2.127400000000000091e+01
1.543897000000000077e-06 -2.115599999999999881e+01
1.543953999999999956e-06 -2.116400000000000148e+01
1.544012000000000075e-06 -2.128000000000000114e+01
1.544068999999999954e-06 -2.132600000000000051e+01
1.544127000000000073e-06 -2.124800000000000111e+01
1.544183999999999952e-06 -2.117399999999999949e+01
1.544242000000000071e-06 -2.119900000000000162e+01
1.544298999999999950e-06 -2.127799999999999869e+01
1.544356000000000042e-06 -2.130399999999999849e+01
1.544413999999999949e-06 -2.124599999999999866e+01
1.544472000000000067e-06 -2.118400000000000105e+01
1.544528999999999947e-06 -2.119099999999999895e+01
1.544587000000000065e-06 -2.125100000000000122e+01
1.544643999999999945e-06 -2.127700000000000102e+01
1.544702000000000063e-06 -2.122500000000000142e+01
1.544758999999999943e-06 -2.117099999999999937e+01
1.544817000000000061e-06 -2.118400000000000105e+01
1.544873999999999941e-06 -2.122899999999999920e+01
1.544932000000000059e-06 -2.123300000000000054e+01
1.544988999999999939e-06 -2.119999999999999929e+01
1.545047000000000057e-06 -2.117599999999999838e+01
1.545103999999999937e-06 -2.117099999999999937e+01
1.545162000000000056e-06 -2.118599999999999994e+01
1.545218999999999935e-06 -2.120499999999999829e+01
1.545277000000000054e-06 -2.119500000000000028e+01
1.545334999999999961e-06 -2.116799999999999926e+01
1.545392000000000052e-06 -2.116000000000000014e+01
1.545449999999999959e-06 -2.117399999999999949e+01
1.545507000000000050e-06 -2.117399999999999949e+01
1.545564999999999957e-06 -2.115800000000000125e+01
1.545622000000000048e-06 -2.116000000000000014e+01
1.545679999999999955e-06 -2.117000000000000171e+01
1.545738000000000073e-06 -2.117200000000000060e+01
1.545794999999999953e-06 -2.116600000000000037e+01
1.545853000000000071e-06 -2.114699999999999847e+01
1.545909999999999951e-06 -2.114999999999999858e+01
1.545968000000000070e-06 -2.119300000000000139e+01
1.546025999999999976e-06 -2.122400000000000020e+01
1.546083000000000068e-06 -2.118299999999999983e+01
1.546140999999999975e-06 -2.112199999999999989e+01
1.546199000000000093e-06 -2.115700000000000003e+01
1.546255999999999973e-06 -2.124899999999999878e+01
1.546314000000000091e-06 -2.124599999999999866e+01
1.546370999999999971e-06 -2.114999999999999858e+01
1.546429000000000089e-06 -2.112500000000000000e+01
1.546486999999999996e-06 -2.123199999999999932e+01
1.546544000000000087e-06 -2.131599999999999895e+01
1.546601999999999994e-06 -2.125600000000000023e+01
1.546659999999999901e-06 -2.115500000000000114e+01
1.546716999999999992e-06 -2.116199999999999903e+01
1.546774999999999899e-06 -2.127400000000000091e+01
1.546833000000000018e-06 -2.134100000000000108e+01
1.546889999999999897e-06 -2.127499999999999858e+01
1.546948000000000016e-06 -2.117099999999999937e+01
1.547005999999999923e-06 -2.117699999999999960e+01
1.547063000000000014e-06 -2.130399999999999849e+01
1.547120999999999921e-06 -2.137699999999999889e+01
1.547179000000000040e-06 -2.128200000000000003e+01
1.547236999999999947e-06 -2.115599999999999881e+01
1.547294000000000038e-06 -2.118299999999999983e+01
1.547351999999999945e-06 -2.131899999999999906e+01
1.547410000000000064e-06 -2.137800000000000011e+01
1.547466999999999943e-06 -2.130199999999999960e+01
1.547525000000000062e-06 -2.121000000000000085e+01
1.547582999999999969e-06 -2.121699999999999875e+01
1.547641000000000087e-06 -2.131500000000000128e+01
1.547697999999999967e-06 -2.137300000000000111e+01
1.547756000000000085e-06 -2.131500000000000128e+01
1.547813999999999992e-06 -2.124099999999999966e+01
1.547871999999999899e-06 -2.126399999999999935e+01
1.547928999999999990e-06 -2.134400000000000119e+01
1.547986999999999897e-06 -2.135500000000000043e+01
1.548045000000000016e-06 -2.128200000000000003e+01
1.548102999999999923e-06 -2.123499999999999943e+01
1.548161000000000042e-06 -2.126999999999999957e+01
1.548217999999999921e-06 -2.133800000000000097e+01
1.548276000000000040e-06 -2.135999999999999943e+01
1.548333999999999947e-06 -2.129599999999999937e+01
1.548392000000000065e-06 -2.120700000000000074e+01
1.548448999999999945e-06 -2.120899999999999963e+01
1.548507000000000063e-06 -2.130900000000000105e+01
1.548564999999999970e-06 -2.136799999999999855e+01
1.548623000000000089e-06 -2.129299999999999926e+01
1.548680999999999996e-06 -2.118799999999999883e+01
1.548738000000000087e-06 -2.119000000000000128e+01
1.548795999999999994e-06 -2.128500000000000014e+01
1.548853999999999901e-06 -2.135200000000000031e+01
1.548912000000000020e-06 -2.131400000000000006e+01
1.548969999999999927e-06 -2.121699999999999875e+01
1.549028000000000045e-06 -2.117599999999999838e+01
1.549084999999999925e-06 -2.125499999999999901e+01
1.549143000000000043e-06 -2.137399999999999878e+01
1.549200999999999950e-06 -2.136799999999999855e+01
1.549259000000000069e-06 -2.122599999999999909e+01
1.549316999999999976e-06 -2.116000000000000014e+01
1.549375000000000095e-06 -2.128000000000000114e+01
1.549433000000000002e-06 -2.142299999999999827e+01
1.549490000000000093e-06 -2.139099999999999824e+01
1.549548000000000000e-06 -2.124699999999999989e+01
1.549605999999999907e-06 -2.120100000000000051e+01
1.549664000000000025e-06 -2.130900000000000105e+01
1.549721999999999932e-06 -2.143900000000000006e+01
1.549780000000000051e-06 -2.144399999999999906e+01
1.549837999999999958e-06 -2.131099999999999994e+01
1.549896000000000077e-06 -2.119900000000000162e+01
1.549953999999999984e-06 -2.126599999999999824e+01
1.550011000000000075e-06 -2.145799999999999841e+01
1.550068999999999982e-06 -2.153900000000000148e+01
1.550127000000000100e-06 -2.139900000000000091e+01
1.550185000000000007e-06 -2.123699999999999832e+01
1.550242999999999914e-06 -2.125600000000000023e+01
1.550301000000000033e-06 -2.143199999999999861e+01
1.550358999999999940e-06 -2.157300000000000040e+01
1.550417000000000059e-06 -2.152799999999999869e+01
1.550474999999999966e-06 -2.135699999999999932e+01
1.550533000000000084e-06 -2.126999999999999957e+01
1.550590999999999991e-06 -2.138599999999999923e+01
1.550648999999999898e-06 -2.157700000000000173e+01
1.550707000000000017e-06 -2.160399999999999920e+01
1.550764999999999924e-06 -2.143599999999999994e+01
1.550823000000000043e-06 -2.131099999999999994e+01
1.550880999999999949e-06 -2.139999999999999858e+01
1.550939000000000068e-06 -2.157700000000000173e+01
1.550996999999999975e-06 -2.160999999999999943e+01
1.551055000000000094e-06 -2.147299999999999898e+01
1.551113000000000001e-06 -2.138700000000000045e+01
1.551170999999999908e-06 -2.145799999999999841e+01
1.551229000000000026e-06 -2.158800000000000097e+01
1.551286999999999933e-06 -2.157900000000000063e+01
1.551345000000000052e-06 -2.144600000000000151e+01
1.551402999999999959e-06 -2.139600000000000080e+01
1.551461000000000078e-06 -2.151300000000000168e+01
1.551518999999999985e-06 -2.163500000000000156e+01
1.551577000000000103e-06 -2.159199999999999875e+01
1.551635000000000010e-06 -2.145700000000000074e+01
1.551692999999999917e-06 -2.141799999999999926e+01
1.551751000000000036e-06 -2.153500000000000014e+01
1.551808999999999943e-06 -2.167399999999999949e+01
1.551867000000000062e-06 -2.167000000000000171e+01
1.551924999999999969e-06 -2.152499999999999858e+01
1.551983000000000087e-06 -2.142699999999999960e+01
1.552040999999999994e-06 -2.152400000000000091e+01
1.552098999999999901e-06 -2.169800000000000040e+01
1.552157000000000020e-06 -2.171499999999999986e+01
1.552214999999999927e-06 -2.158599999999999852e+01
1.552273000000000046e-06 -2.151300000000000168e+01
1.552331999999999980e-06 -2.157999999999999829e+01
1.552390000000000099e-06 -2.169099999999999895e+01
1.552448000000000006e-06 -2.171399999999999864e+01
1.552505999999999913e-06 -2.165399999999999991e+01
1.552564000000000031e-06 -2.162000000000000099e+01
1.552621999999999938e-06 -2.164199999999999946e+01
1.552680000000000057e-06 -2.167999999999999972e+01
1.552737999999999964e-06 -2.170899999999999963e+01
1.552796000000000083e-06 -2.171399999999999864e+01
1.552855000000000017e-06 -2.170799999999999841e+01
1.552912999999999924e-06 -2.171300000000000097e+01
1.552971000000000043e-06 -2.172299999999999898e+01
1.553028999999999950e-06 -2.172700000000000031e+01
1.553087000000000069e-06 -2.171699999999999875e+01
1.553144999999999976e-06 -2.171999999999999886e+01
1.553203000000000094e-06 -2.176699999999999946e+01
1.553262000000000029e-06 -2.182199999999999918e+01
1.553319999999999936e-06 -2.180499999999999972e+01
1.553378000000000054e-06 -2.173900000000000077e+01
1.553435999999999961e-06 -2.173499999999999943e+01
1.553494000000000080e-06 -2.181899999999999906e+01
1.553551999999999987e-06 -2.188200000000000145e+01
1.553610999999999922e-06 -2.185200000000000031e+01
1.553669000000000040e-06 -2.179400000000000048e+01
1.553726999999999947e-06 -2.180199999999999960e+01
1.553785000000000066e-06 -2.186799999999999855e+01
1.553842999999999973e-06 -2.191100000000000136e+01
1.553901999999999907e-06 -2.188299999999999912e+01
1.553960000000000026e-06 -2.182000000000000028e+01
1.554017999999999933e-06 -2.182900000000000063e+01
1.554076000000000052e-06 -2.193299999999999983e+01
1.554133999999999959e-06 -2.200100000000000122e+01
1.554193000000000105e-06 -2.192800000000000082e+01
1.554251000000000012e-06 -2.181099999999999994e+01
1.554308999999999919e-06 -2.182700000000000173e+01
1.554367000000000038e-06 -2.197599999999999909e+01
1.554425999999999972e-06 -2.206599999999999895e+01
1.554484000000000091e-06 -2.199299999999999855e+01
1.554541999999999998e-06 -2.186899999999999977e+01
1.554599999999999905e-06 -2.185300000000000153e+01
1.554659000000000051e-06 -2.195899999999999963e+01
1.554716999999999958e-06 -2.205399999999999849e+01
1.554775000000000077e-06 -2.201800000000000068e+01
1.554832999999999984e-06 -2.193700000000000117e+01
1.554891999999999918e-06 -2.192800000000000082e+01
1.554950000000000037e-06 -2.203399999999999892e+01
1.555007999999999944e-06 -2.210099999999999909e+01
1.555067000000000090e-06 -2.204100000000000037e+01
1.555124999999999997e-06 -2.198900000000000077e+01
1.555182999999999904e-06 -2.205999999999999872e+01
1.555242000000000051e-06 -2.215200000000000102e+01
1.555299999999999957e-06 -2.211599999999999966e+01
1.555358000000000076e-06 -2.202199999999999847e+01
1.555415999999999983e-06 -2.204500000000000171e+01
1.555474999999999918e-06 -2.216300000000000026e+01
1.555533000000000036e-06 -2.219600000000000151e+01
1.555590999999999943e-06 -2.210900000000000176e+01
1.555650000000000090e-06 -2.206400000000000006e+01
1.555707999999999997e-06 -2.213100000000000023e+01
1.555765999999999904e-06 -2.221000000000000085e+01
1.555825000000000050e-06 -2.220400000000000063e+01
1.555882999999999957e-06 -2.214399999999999835e+01
1.555941000000000076e-06 -2.213400000000000034e+01
1.556000000000000010e-06 -2.219900000000000162e+01
1.556057999999999917e-06 -2.224200000000000088e+01
1.556117000000000063e-06 -2.221399999999999864e+01
1.556174999999999970e-06 -2.218299999999999983e+01
1.556233000000000089e-06 -2.221099999999999852e+01
1.556292000000000024e-06 -2.226300000000000168e+01
1.556349999999999930e-06 -2.226800000000000068e+01
1.556409000000000077e-06 -2.223499999999999943e+01
1.556466999999999984e-06 -2.222400000000000020e+01
1.556525000000000102e-06 -2.227299999999999969e+01
1.556584000000000037e-06 -2.233899999999999864e+01
1.556641999999999944e-06 -2.233299999999999841e+01
1.556700000000000063e-06 -2.227199999999999847e+01
1.556758999999999997e-06 -2.228300000000000125e+01
1.556816999999999904e-06 -2.237699999999999889e+01
1.556876000000000050e-06 -2.242500000000000071e+01
1.556933999999999957e-06 -2.236799999999999855e+01
1.556993000000000104e-06 -2.231599999999999895e+01
1.557051000000000011e-06 -2.236299999999999955e+01
1.557109999999999945e-06 -2.243700000000000117e+01
1.557168000000000064e-06 -2.242899999999999849e+01
1.557225999999999971e-06 -2.237199999999999989e+01
1.557284999999999905e-06 -2.237199999999999989e+01
1.557343000000000024e-06 -2.243299999999999983e+01
1.557401999999999959e-06 -2.248000000000000043e+01
1.557460000000000077e-06 -2.246999999999999886e+01
1.557519000000000012e-06 -2.244699999999999918e+01
1.557576999999999919e-06 -2.245299999999999940e+01
1.557636000000000065e-06 -2.247700000000000031e+01
1.557693999999999972e-06 -2.251399999999999935e+01
1.557752999999999907e-06 -2.254799999999999827e+01
1.557811000000000025e-06 -2.254200000000000159e+01
1.557869999999999960e-06 -2.250799999999999912e+01
1.557928000000000079e-06 -2.251800000000000068e+01
1.557987000000000013e-06 -2.258699999999999974e+01
1.558044999999999920e-06 -2.262300000000000111e+01
1.558104000000000066e-06 -2.259799999999999898e+01
1.558161999999999973e-06 -2.258500000000000085e+01
1.558220999999999908e-06 -2.260699999999999932e+01
1.558279000000000027e-06 -2.263100000000000023e+01
1.558337999999999961e-06 -2.266499999999999915e+01
1.558396000000000080e-06 -2.271999999999999886e+01
1.558455000000000015e-06 -2.273300000000000054e+01
1.558513999999999949e-06 -2.267500000000000071e+01
1.558572000000000068e-06 -2.265599999999999881e+01
1.558631000000000002e-06 -2.269900000000000162e+01
1.558688999999999909e-06 -2.274500000000000099e+01
1.558748000000000056e-06 -2.275400000000000134e+01
1.558805999999999963e-06 -2.276200000000000045e+01
1.558864999999999897e-06 -2.277599999999999980e+01
1.558923000000000016e-06 -2.277100000000000080e+01
1.558981999999999950e-06 -2.276800000000000068e+01
1.559041000000000097e-06 -2.279799999999999827e+01
1.559099000000000004e-06 -2.282900000000000063e+01
1.559157999999999938e-06 -2.283399999999999963e+01
1.559216000000000057e-06 -2.283899999999999864e+01
1.559274999999999991e-06 -2.285200000000000031e+01
1.559333999999999926e-06 -2.284799999999999898e+01
1.559392000000000045e-06 -2.285200000000000031e+01
1.559450999999999979e-06 -2.290099999999999980e+01
1.559509999999999914e-06 -2.292699999999999960e+01
1.559568000000000032e-06 -2.287800000000000011e+01
1.559626999999999967e-06 -2.284100000000000108e+01
1.559685000000000086e-06 -2.289699999999999847e+01
1.559744000000000020e-06 -2.297500000000000142e+01
1.559802999999999955e-06 -2.296300000000000097e+01
1.559861000000000074e-06 -2.291900000000000048e+01
1.559920000000000008e-06 -2.294600000000000151e+01
1.559978999999999943e-06 -2.301399999999999935e+01
1.560037000000000061e-06 -2.304799999999999827e+01
1.560095999999999996e-06 -2.303399999999999892e+01
1.560154999999999930e-06 -2.300000000000000000e+01
1.560213000000000049e-06 -2.301099999999999923e+01
1.560271999999999984e-06 -2.309199999999999875e+01
1.560330999999999918e-06 -2.315099999999999980e+01
1.560389000000000037e-06 -2.311599999999999966e+01
1.560447999999999972e-06 -2.305499999999999972e+01
1.560506999999999906e-06 -2.308999999999999986e+01
1.560566000000000052e-06 -2.320100000000000051e+01
1.560623999999999959e-06 -2.325100000000000122e+01
1.560683000000000106e-06 -2.321399999999999864e+01
1.560742000000000040e-06 -2.316900000000000048e+01
1.560799999999999947e-06 -2.317800000000000082e+01
1.560859000000000093e-06 -2.326399999999999935e+01
1.560918000000000028e-06 -2.335099999999999909e+01
1.560976999999999963e-06 -2.332300000000000040e+01
1.561035000000000081e-06 -2.323199999999999932e+01
1.561094000000000016e-06 -2.326800000000000068e+01
1.561152999999999950e-06 -2.342299999999999827e+01
1.561212000000000097e-06 -2.347400000000000020e+01
1.561270000000000004e-06 -2.338599999999999923e+01
1.561328999999999938e-06 -2.335600000000000165e+01
1.561388000000000085e-06 -2.345400000000000063e+01
1.561447000000000019e-06 -2.354400000000000048e+01
1.561504999999999926e-06 -2.354400000000000048e+01
1.561564000000000072e-06 -2.352199999999999847e+01
1.561623000000000007e-06 -2.353000000000000114e+01
1.561681999999999941e-06 -2.355999999999999872e+01
1.561741000000000088e-06 -2.361100000000000065e+01
1.561798999999999995e-06 -2.364900000000000091e+01
1.561857999999999929e-06 -2.364000000000000057e+01
1.561917000000000076e-06 -2.364399999999999835e+01
1.561976000000000010e-06 -2.370200000000000173e+01
1.562034999999999945e-06 -2.373900000000000077e+01
1.562094000000000091e-06 -2.371499999999999986e+01
1.562151999999999998e-06 -2.370599999999999952e+01
1.562210999999999932e-06 -2.375499999999999901e+01
1.562270000000000079e-06 -2.378900000000000148e+01
1.562329000000000013e-06 -2.381599999999999895e+01
1.562387999999999948e-06 -2.378399999999999892e+01
1.562447000000000094e-06 -2.379400000000000048e+01
1.562505000000000001e-06 -2.384600000000000009e+01
1.562563999999999936e-06 -2.387500000000000000e+01
1.562623000000000082e-06 -2.387199999999999989e+01
1.562682000000000017e-06 -2.387199999999999989e+01
1.562740999999999951e-06 -2.388899999999999935e+01
1.562800000000000097e-06 -2.391799999999999926e+01
1.562858000000000004e-06 -2.394699999999999918e+01
1.562916999999999939e-06 -2.397100000000000009e+01
1.562976000000000085e-06 -2.398499999999999943e+01
1.563035000000000020e-06 -2.398600000000000065e+01
1.563093999999999954e-06 -2.400199999999999889e+01
1.563153000000000101e-06 -2.404100000000000037e+01
1.563212000000000035e-06 -2.406700000000000017e+01
1.563270999999999970e-06 -2.406700000000000017e+01
1.563329999999999904e-06 -2.408299999999999841e+01
1.563389000000000051e-06 -2.414600000000000080e+01
1.563446999999999958e-06 -2.419800000000000040e+01
1.563506000000000104e-06 -2.417000000000000171e+01
1.563565000000000038e-06 -2.413700000000000045e+01
1.563623999999999973e-06 -2.418700000000000117e+01
1.563682999999999908e-06 -2.425300000000000011e+01
1.563742000000000054e-06 -2.426399999999999935e+01
1.563800999999999988e-06 -2.426200000000000045e+01
1.563859999999999923e-06 -2.428200000000000003e+01
1.563919000000000069e-06 -2.430499999999999972e+01
1.563978000000000004e-06 -2.432400000000000162e+01
1.564036999999999938e-06 -2.437300000000000111e+01
1.564096000000000085e-06 -2.442200000000000060e+01
1.564155000000000019e-06 -2.442699999999999960e+01
1.564213999999999954e-06 -2.442999999999999972e+01
1.564273000000000100e-06 -2.445100000000000051e+01
1.564332000000000035e-06 -2.447599999999999909e+01
1.564390999999999969e-06 -2.449200000000000088e+01
1.564449999999999904e-06 -2.451999999999999957e+01
1.564509000000000050e-06 -2.456500000000000128e+01
1.564567999999999985e-06 -2.458699999999999974e+01
1.564626999999999919e-06 -2.458699999999999974e+01
1.564686000000000065e-06 -2.458999999999999986e+01
1.564745000000000000e-06 -2.461799999999999855e+01
1.564803999999999935e-06 -2.466900000000000048e+01
1.564863000000000081e-06 -2.471600000000000108e+01
1.564922000000000015e-06 -2.472599999999999909e+01
1.564980999999999950e-06 -2.470700000000000074e+01
1.565040000000000096e-06 -2.470499999999999829e+01
1.565099000000000031e-06 -2.474099999999999966e+01
1.565157999999999965e-06 -2.480000000000000071e+01
1.565216999999999900e-06 -2.484700000000000131e+01
1.565276000000000046e-06 -2.484400000000000119e+01
1.565334999999999981e-06 -2.481500000000000128e+01
1.565393999999999915e-06 -2.483599999999999852e+01
1.565454000000000089e-06 -2.491900000000000048e+01
1.565513000000000024e-06 -2.496600000000000108e+01
1.565571999999999958e-06 -2.492399999999999949e+01
1.565631000000000105e-06 -2.488800000000000168e+01
1.565690000000000039e-06 -2.492800000000000082e+01
1.565748999999999974e-06 -2.501300000000000168e+01
1.565807999999999908e-06 -2.507300000000000040e+01
1.565867000000000055e-06 -2.505900000000000105e+01
1.565925999999999989e-06 -2.501899999999999835e+01
1.565984999999999924e-06 -2.505300000000000082e+01
1.566044000000000070e-06 -2.510900000000000176e+01
1.566104000000000032e-06 -2.517500000000000071e+01
1.566162999999999967e-06 -2.515599999999999881e+01
1.566221999999999901e-06 -2.514699999999999847e+01
1.566281000000000048e-06 -2.518700000000000117e+01
1.566339999999999982e-06 -2.526200000000000045e+01
1.566398999999999917e-06 -2.532100000000000151e+01
1.566458000000000063e-06 -2.531099999999999994e+01
1.566516999999999998e-06 -2.526300000000000168e+01
1.566576999999999960e-06 -2.527799999999999869e+01
1.566635999999999894e-06 -2.536299999999999955e+01
1.566695000000000041e-06 -2.542599999999999838e+01
1.566753999999999975e-06 -2.542099999999999937e+01
1.566812999999999910e-06 -2.540899999999999892e+01
1.566873000000000084e-06 -2.543599999999999994e+01
1.566932000000000018e-06 -2.549399999999999977e+01
1.566990999999999953e-06 -2.554899999999999949e+01
1.567050000000000099e-06 -2.557300000000000040e+01
1.567109000000000034e-06 -2.558299999999999841e+01
1.567168999999999996e-06 -2.558999999999999986e+01
1.567227999999999930e-06 -2.561299999999999955e+01
1.567287000000000077e-06 -2.566400000000000148e+01
1.567346000000000011e-06 -2.568700000000000117e+01
1.567404999999999946e-06 -2.568499999999999872e+01
1.567464999999999908e-06 -2.572599999999999909e+01
1.567524000000000054e-06 -2.579200000000000159e+01
1.567582999999999989e-06 -2.581500000000000128e+01
1.567641999999999923e-06 -2.581200000000000117e+01
1.567701000000000070e-06 -2.583500000000000085e+01
1.567761000000000032e-06 -2.587900000000000134e+01
1.567819999999999966e-06 -2.590800000000000125e+01
1.567878999999999901e-06 -2.591199999999999903e+01
1.567939000000000075e-06 -2.592500000000000071e+01
1.567998000000000009e-06 -2.596999999999999886e+01
1.568056999999999944e-06 -2.601500000000000057e+01
1.568116000000000090e-06 -2.605799999999999983e+01
1.568176000000000052e-06 -2.609499999999999886e+01
1.568234999999999987e-06 -2.608399999999999963e+01
1.568293999999999921e-06 -2.608500000000000085e+01
1.568354000000000095e-06 -2.615700000000000003e+01
1.568413000000000030e-06 -2.623000000000000043e+01
1.568471999999999965e-06 -2.622599999999999909e+01
1.568530999999999899e-06 -2.619300000000000139e+01
1.568591000000000073e-06 -2.621399999999999864e+01
1.568650000000000008e-06 -2.626000000000000156e+01
1.568708999999999942e-06 -2.628399999999999892e+01
1.568768999999999904e-06 -2.630600000000000094e+01
1.568828000000000051e-06 -2.634100000000000108e+01
1.568886999999999985e-06 -2.635800000000000054e+01
1.568946999999999947e-06 -2.635500000000000043e+01
1.569006000000000094e-06 -2.637600000000000122e+01
1.569065000000000028e-06 -2.643199999999999861e+01
1.569124999999999990e-06 -2.647299999999999898e+01
1.569183999999999925e-06 -2.647400000000000020e+01
1.569244000000000099e-06 -2.649099999999999966e+01
1.569303000000000033e-06 -2.654799999999999827e+01
1.569361999999999968e-06 -2.656800000000000139e+01
1.569421999999999930e-06 -2.654799999999999827e+01
1.569481000000000076e-06 -2.658099999999999952e+01
1.569540000000000011e-06 -2.665800000000000125e+01
1.569599999999999973e-06 -2.670400000000000063e+01
1.569658999999999908e-06 -2.670400000000000063e+01
1.569719000000000081e-06 -2.669900000000000162e+01
1.569778000000000016e-06 -2.672100000000000009e+01
1.569836999999999951e-06 -2.676399999999999935e+01
1.569896999999999913e-06 -2.681700000000000017e+01
1.569956000000000059e-06 -2.681500000000000128e+01
1.570016000000000021e-06 -2.679700000000000060e+01
1.570074999999999956e-06 -2.685500000000000043e+01
1.570134000000000102e-06 -2.693599999999999994e+01
1.570194000000000064e-06 -2.694900000000000162e+01
1.570252999999999999e-06 -2.694699999999999918e+01
1.570312999999999961e-06 -2.699800000000000111e+01
1.570371999999999895e-06 -2.703300000000000125e+01
1.570432000000000069e-06 -2.703800000000000026e+01
1.570491000000000004e-06 -2.706299999999999883e+01
1.570549999999999939e-06 -2.708299999999999841e+01
1.570609999999999901e-06 -2.709499999999999886e+01
1.570669000000000047e-06 -2.711299999999999955e+01
1.570729000000000009e-06 -2.715500000000000114e+01
1.570787999999999944e-06 -2.719500000000000028e+01
1.570847999999999906e-06 -2.719200000000000017e+01
1.570907000000000052e-06 -2.722299999999999898e+01
1.570967000000000014e-06 -2.731400000000000006e+01
1.571025999999999949e-06 -2.736499999999999844e+01
1.571085999999999911e-06 -2.734400000000000119e+01
1.571145000000000057e-06 -2.732999999999999829e+01
1.571205000000000019e-06 -2.735800000000000054e+01
1.571263999999999954e-06 -2.739499999999999957e+01
1.571323999999999916e-06 -2.741900000000000048e+01
1.571383000000000063e-06 -2.745200000000000173e+01
1.571443000000000025e-06 -2.750100000000000122e+01
1.571501999999999959e-06 -2.750700000000000145e+01
1.571561999999999921e-06 -2.750700000000000145e+01
1.571622000000000095e-06 -2.757999999999999829e+01
1.571681000000000030e-06 -2.764900000000000091e+01
1.571740999999999992e-06 -2.764399999999999835e+01
1.571799999999999927e-06 -2.764999999999999858e+01
1.571860000000000100e-06 -2.771300000000000097e+01
1.571919000000000035e-06 -2.775199999999999889e+01
1.571978999999999997e-06 -2.774299999999999855e+01
1.572037999999999932e-06 -2.776699999999999946e+01
1.572098000000000106e-06 -2.781200000000000117e+01
1.572158000000000068e-06 -2.783299999999999841e+01
1.572217000000000002e-06 -2.787099999999999866e+01
1.572276999999999964e-06 -2.792299999999999827e+01
1.572335999999999899e-06 -2.793299999999999983e+01
1.572396000000000073e-06 -2.791400000000000148e+01
1.572456000000000035e-06 -2.793400000000000105e+01
1.572514999999999970e-06 -2.799899999999999878e+01
1.572574999999999932e-06 -2.803999999999999915e+01
1.572634000000000078e-06 -2.804599999999999937e+01
1.572694000000000040e-06 -2.805999999999999872e+01
1.572754000000000002e-06 -2.808399999999999963e+01
1.572812999999999937e-06 -2.814399999999999835e+01
1.572872999999999899e-06 -2.822200000000000131e+01
1.572932000000000045e-06 -2.824299999999999855e+01
1.572992000000000008e-06 -2.825300000000000011e+01
1.573051999999999970e-06 -2.826999999999999957e+01
1.573110999999999904e-06 -2.828699999999999903e+01
1.573171000000000078e-06 -2.831099999999999994e+01
1.573231000000000040e-06 -2.832100000000000151e+01
1.573289999999999975e-06 -2.836100000000000065e+01
1.573349999999999937e-06 -2.844099999999999895e+01
1.573409999999999899e-06 -2.851399999999999935e+01
1.573469000000000046e-06 -2.854299999999999926e+01
1.573529000000000008e-06 -2.852199999999999847e+01
1.573588999999999970e-06 -2.854799999999999827e+01
1.573647999999999904e-06 -2.861100000000000065e+01
1.573708000000000078e-06 -2.865700000000000003e+01
1.573768000000000041e-06 -2.867500000000000071e+01
1.573828000000000003e-06 -2.868799999999999883e+01
1.573886999999999937e-06 -2.870299999999999940e+01
1.573946999999999899e-06 -2.878200000000000003e+01
1.574007000000000073e-06 -2.885399999999999920e+01
1.574066000000000008e-06 -2.885800000000000054e+01
1.574125999999999970e-06 -2.888599999999999923e+01
1.574185999999999932e-06 -2.892999999999999972e+01
1.574245999999999894e-06 -2.894099999999999895e+01
1.574306000000000068e-06 -2.897299999999999898e+01
1.574365000000000003e-06 -2.902599999999999980e+01
1.574424999999999965e-06 -2.903699999999999903e+01
1.574484999999999927e-06 -2.904299999999999926e+01
1.574545000000000101e-06 -2.908999999999999986e+01
1.574604000000000036e-06 -2.914999999999999858e+01
1.574663999999999998e-06 -2.920299999999999940e+01
1.574723999999999960e-06 -2.923300000000000054e+01
1.574782999999999894e-06 -2.924299999999999855e+01
1.574843000000000068e-06 -2.927100000000000080e+01
1.574903000000000030e-06 -2.930300000000000082e+01
1.574962999999999993e-06 -2.932000000000000028e+01
1.575022999999999955e-06 -2.936400000000000077e+01
1.575082999999999917e-06 -2.940399999999999991e+01
1.575142000000000063e-06 -2.941600000000000037e+01
1.575202000000000025e-06 -2.944000000000000128e+01
1.575261999999999988e-06 -2.948199999999999932e+01
1.575321999999999950e-06 -2.953800000000000026e+01
1.575381999999999912e-06 -2.957000000000000028e+01
1.575441000000000058e-06 -2.960800000000000054e+01
1.575501000000000020e-06 -2.967099999999999937e+01
1.575560999999999983e-06 -2.970499999999999829e+01
1.575620999999999945e-06 -2.973400000000000176e+01
1.575680999999999907e-06 -2.977100000000000080e+01
1.575741000000000081e-06 -2.979500000000000171e+01
1.575801000000000043e-06 -2.979400000000000048e+01
1.575859999999999977e-06 -2.981700000000000017e+01
1.575919999999999940e-06 -2.990700000000000003e+01
1.575979999999999902e-06 -2.996000000000000085e+01
1.576040000000000076e-06 -2.998100000000000165e+01
1.576100000000000038e-06 -3.004400000000000048e+01
1.576160000000000000e-06 -3.010399999999999920e+01
1.576219999999999962e-06 -3.014199999999999946e+01
1.576278999999999897e-06 -3.015200000000000102e+01
1.576339000000000071e-06 -3.016799999999999926e+01
1.576399000000000033e-06 -3.021399999999999864e+01
1.576458999999999995e-06 -3.025700000000000145e+01
1.576518999999999957e-06 -3.027799999999999869e+01
1.576578999999999919e-06 -3.028699999999999903e+01
1.576639000000000093e-06 -3.030799999999999983e+01
1.576699000000000055e-06 -3.035699999999999932e+01
1.576759000000000017e-06 -3.045499999999999829e+01
1.576818999999999980e-06 -3.053999999999999915e+01
1.576878999999999942e-06 -3.057000000000000028e+01
1.576938999999999904e-06 -3.060800000000000054e+01
1.576998000000000050e-06 -3.063899999999999935e+01
1.577059000000000040e-06 -3.067500000000000071e+01
1.577119000000000002e-06 -3.070299999999999940e+01
1.577177999999999937e-06 -3.070299999999999940e+01
1.577237999999999899e-06 -3.073199999999999932e+01
1.577298000000000073e-06 -3.077100000000000080e+01
1.577358000000000035e-06 -3.079700000000000060e+01
1.577417999999999997e-06 -3.086499999999999844e+01
1.577477999999999959e-06 -3.095200000000000173e+01
1.577537999999999921e-06 -3.098999999999999844e+01
1.577598000000000095e-06 -3.098699999999999832e+01
1.577658000000000057e-06 -3.103999999999999915e+01
1.577718000000000020e-06 -3.111700000000000088e+01
1.577777999999999982e-06 -3.117200000000000060e+01
1.577837999999999944e-06 -3.114199999999999946e+01
1.577897999999999906e-06 -3.111599999999999966e+01
1.577958000000000080e-06 -3.117699999999999960e+01
1.578018000000000042e-06 -3.123900000000000077e+01
1.578078000000000004e-06 -3.125799999999999912e+01
1.578137999999999966e-06 -3.130900000000000105e+01
1.578198999999999956e-06 -3.138800000000000168e+01
1.578258999999999918e-06 -3.148400000000000176e+01
1.578318000000000065e-06 -3.154700000000000060e+01
1.578379000000000054e-06 -3.149200000000000088e+01
1.578439000000000017e-06 -3.150900000000000034e+01
1.578498999999999979e-06 -3.157700000000000173e+01
1.578558999999999941e-06 -3.162999999999999901e+01
1.578618999999999903e-06 -3.172200000000000131e+01
1.578679000000000077e-06 -3.173400000000000176e+01
1.578739000000000039e-06 -3.175100000000000122e+01
1.578799000000000001e-06 -3.181599999999999895e+01
1.578858999999999963e-06 -3.184600000000000009e+01
1.578918999999999926e-06 -3.187600000000000122e+01
1.578979000000000100e-06 -3.195700000000000074e+01
1.579039000000000062e-06 -3.208700000000000330e+01
1.579100000000000051e-06 -3.214300000000000068e+01
1.579160000000000014e-06 -3.211899999999999977e+01
1.579219999999999976e-06 -3.213199999999999790e+01
1.579279999999999938e-06 -3.219200000000000017e+01
1.579339999999999900e-06 -3.219400000000000261e+01
1.579400000000000074e-06 -3.216299999999999670e+01
1.579460000000000036e-06 -3.224199999999999733e+01
1.579519999999999998e-06 -3.236599999999999966e+01
1.579580999999999988e-06 -3.241199999999999903e+01
1.579640999999999950e-06 -3.243500000000000227e+01
1.579700999999999912e-06 -3.242699999999999960e+01
1.579761000000000086e-06 -3.236699999999999733e+01
1.579821000000000048e-06 -3.243200000000000216e+01
1.579881000000000011e-06 -3.257200000000000273e+01
1.579942000000000000e-06 -3.260499999999999687e+01
1.580001999999999963e-06 -3.262299999999999756e+01
1.580061999999999925e-06 -3.265899999999999892e+01
1.580122000000000099e-06 -3.267999999999999972e+01
1.580182000000000061e-06 -3.277199999999999847e+01
1.580243000000000051e-06 -3.289300000000000068e+01
1.580303000000000013e-06 -3.293900000000000006e+01
1.580362999999999975e-06 -3.294800000000000040e+01
1.580422999999999937e-06 -3.300000000000000000e+01
1.580482999999999899e-06 -3.305700000000000216e+01
1.580544000000000101e-06 -3.309400000000000119e+01
1.580604000000000063e-06 -3.308299999999999841e+01
1.580664000000000025e-06 -3.300600000000000023e+01
1.580723999999999987e-06 -3.300399999999999778e+01
1.580783999999999949e-06 -3.305400000000000205e+01
1.580844999999999939e-06 -3.309599999999999653e+01
1.580904999999999901e-06 -3.318699999999999761e+01
1.580965000000000075e-06 -3.325500000000000256e+01
1.581025000000000037e-06 -3.324600000000000222e+01
1.581086000000000027e-06 -3.327900000000000347e+01
1.581145999999999989e-06 -3.336999999999999744e+01
1.581205999999999951e-06 -3.339699999999999847e+01
1.581265999999999914e-06 -3.340100000000000335e+01
1.581326999999999903e-06 -3.348400000000000176e+01
1.581387000000000077e-06 -3.355299999999999727e+01
1.581447000000000039e-06 -3.351700000000000301e+01
1.581508000000000029e-06 -3.354699999999999704e+01
1.581567999999999991e-06 -3.366599999999999682e+01
1.581627999999999953e-06 -3.367199999999999704e+01
1.581687999999999916e-06 -3.364900000000000091e+01
1.581748999999999905e-06 -3.374199999999999733e+01
1.581809000000000079e-06 -3.389900000000000091e+01
1.581869000000000041e-06 -3.398100000000000165e+01
1.581930000000000031e-06 -3.396699999999999875e+01
1.581989999999999993e-06 -3.397899999999999920e+01
1.582049999999999955e-06 -3.408800000000000097e+01
1.582110999999999945e-06 -3.422800000000000153e+01
1.582170999999999907e-06 -3.433500000000000085e+01
1.582231999999999897e-06 -3.432999999999999829e+01
1.582292000000000071e-06 -3.428499999999999659e+01
1.582352000000000033e-06 -3.435900000000000176e+01
1.582411999999999995e-06 -3.449799999999999756e+01
1.582472999999999985e-06 -3.460099999999999909e+01
1.582532999999999947e-06 -3.466899999999999693e+01
1.582593999999999937e-06 -3.475000000000000000e+01
1.582653999999999899e-06 -3.481700000000000017e+01
1.582714000000000073e-06 -3.477300000000000324e+01
1.582775000000000063e-06 -3.468299999999999983e+01
1.582835000000000025e-06 -3.470100000000000051e+01
1.582896000000000015e-06 -3.475800000000000267e+01
1.582955999999999977e-06 -3.465899999999999892e+01
1.583015999999999939e-06 -3.461899999999999977e+01
1.583076999999999929e-06 -3.482699999999999818e+01
1.583137000000000103e-06 -3.494700000000000273e+01
1.583198000000000093e-06 -3.499499999999999744e+01
1.583258000000000055e-06 -3.495400000000000063e+01
1.583319000000000044e-06 -3.479899999999999949e+01
1.583379000000000007e-06 -3.490599999999999881e+01
1.583438999999999969e-06 -3.500300000000000011e+01
1.583499999999999959e-06 -3.489600000000000080e+01
1.583559999999999921e-06 -3.483899999999999864e+01
1.583620999999999910e-06 -3.487100000000000222e+01
1.583681000000000084e-06 -3.509100000000000108e+01
1.583742000000000074e-06 -3.541700000000000159e+01
1.583802000000000036e-06 -3.538100000000000023e+01
1.583863000000000026e-06 -3.524199999999999733e+01
1.583922999999999988e-06 -3.542199999999999704e+01
1.583983999999999978e-06 -3.565200000000000102e+01
1.584043999999999940e-06 -3.571999999999999886e+01
1.584104999999999930e-06 -3.557900000000000063e+01
1.584165000000000104e-06 -3.545900000000000318e+01
1.584226000000000094e-06 -3.553099999999999881e+01
1.584286000000000056e-06 -3.559400000000000119e+01
1.584346000000000018e-06 -3.562800000000000011e+01
1.584407000000000008e-06 -3.575000000000000000e+01
1.584467999999999997e-06 -3.588900000000000290e+01
1.584527999999999960e-06 -3.586699999999999733e+01
1.584588999999999949e-06 -3.570600000000000307e+01
1.584648999999999911e-06 -3.555499999999999972e+01
1.584709999999999901e-06 -3.562199999999999989e+01
1.584770000000000075e-06 -3.585099999999999909e+01
1.584831000000000065e-06 -3.602199999999999847e+01
1.584891000000000027e-06 -3.609100000000000108e+01
1.584952000000000017e-06 -3.603600000000000136e+01
1.585011999999999979e-06 -3.613600000000000279e+01
1.585072999999999969e-06 -3.645900000000000318e+01
1.585133999999999958e-06 -3.665299999999999869e+01
1.585193999999999921e-06 -3.658899999999999864e+01
1.585254999999999910e-06 -3.648799999999999955e+01
1.585315000000000084e-06 -3.644700000000000273e+01
1.585376000000000074e-06 -3.650099999999999767e+01
1.585436000000000036e-06 -3.664999999999999858e+01
1.585497000000000026e-06 -3.691799999999999926e+01
1.585558000000000016e-06 -3.718500000000000227e+01
1.585617999999999978e-06 -3.701400000000000290e+01
1.585678999999999968e-06 -3.669599999999999795e+01
1.585738999999999930e-06 -3.666899999999999693e+01
1.585799999999999920e-06 -3.678199999999999648e+01
1.585860999999999909e-06 -3.697599999999999909e+01
1.585921000000000083e-06 -3.712500000000000000e+01
1.585982000000000073e-06 -3.707600000000000051e+01
1.586043000000000063e-06 -3.718900000000000006e+01
1.586103000000000025e-06 -3.731099999999999994e+01
1.586164000000000015e-06 -3.705599999999999739e+01
1.586223999999999977e-06 -3.702499999999999858e+01
1.586284999999999967e-06 -3.731300000000000239e+01
1.586345999999999956e-06 -3.727300000000000324e+01
1.586405999999999918e-06 -3.702199999999999847e+01
1.586466999999999908e-06 -3.718399999999999750e+01
1.586527999999999898e-06 -3.752499999999999858e+01
1.586589000000000100e-06 -3.759799999999999898e+01
1.586649000000000062e-06 -3.753699999999999903e+01
1.586710000000000051e-06 -3.750999999999999801e+01
1.586771000000000041e-06 -3.762400000000000233e+01
1.586831000000000003e-06 -3.769200000000000017e+01
1.586891999999999993e-06 -3.785300000000000153e+01
1.586952999999999983e-06 -3.790800000000000125e+01
1.587012999999999945e-06 -3.759000000000000341e+01
1.587073999999999935e-06 -3.755499999999999972e+01
1.587134999999999925e-06 -3.781300000000000239e+01
1.587195000000000098e-06 -3.801299999999999812e+01
1.587256000000000088e-06 -3.796900000000000119e+01
1.587317000000000078e-06 -3.780100000000000193e+01
1.587378000000000068e-06 -3.775399999999999778e+01
1.587438000000000030e-06 -3.773799999999999955e+01
1.587499000000000020e-06 -3.790699999999999648e+01
1.587560000000000009e-06 -3.830100000000000193e+01
1.587620999999999999e-06 -3.848199999999999932e+01
1.587680999999999961e-06 -3.847099999999999653e+01
1.587741999999999951e-06 -3.850500000000000256e+01
1.587802999999999941e-06 -3.851700000000000301e+01
1.587863999999999931e-06 -3.853300000000000125e+01
1.587924999999999920e-06 -3.839900000000000091e+01
1.587985000000000094e-06 -3.830299999999999727e+01
1.588046000000000084e-06 -3.844899999999999807e+01
1.588107000000000074e-06 -3.871000000000000085e+01
1.588168000000000064e-06 -3.886800000000000210e+01
1.588229000000000053e-06 -3.866400000000000148e+01
1.588289000000000015e-06 -3.870199999999999818e+01
1.588350000000000005e-06 -3.902900000000000347e+01
1.588410999999999995e-06 -3.918099999999999739e+01
1.588471999999999985e-06 -3.931499999999999773e+01
1.588532999999999975e-06 -3.957500000000000284e+01
1.588592999999999937e-06 -3.957300000000000040e+01
1.588653999999999926e-06 -3.932200000000000273e+01
1.588714999999999916e-06 -3.950699999999999790e+01
1.588775999999999906e-06 -3.969599999999999795e+01
1.588836999999999896e-06 -3.972200000000000131e+01
1.588898000000000097e-06 -4.013100000000000023e+01
1.588959000000000087e-06 -4.027000000000000313e+01
1.589020000000000077e-06 -4.031199999999999761e+01
1.589080000000000039e-06 -4.062599999999999767e+01
1.589141000000000029e-06 -4.046900000000000119e+01
1.589202000000000018e-06 -4.005299999999999727e+01
1.589263000000000008e-06 -3.983800000000000097e+01
1.589323999999999998e-06 -3.952300000000000324e+01
1.589384999999999988e-06 -3.946699999999999875e+01
1.589445999999999977e-06 -3.985600000000000165e+01
1.589506999999999967e-06 -4.004599999999999937e+01
1.589567999999999957e-06 -4.016499999999999915e+01
1.589627999999999919e-06 -4.087400000000000233e+01
1.589688999999999909e-06 -4.107399999999999807e+01
1.589749999999999899e-06 -4.022399999999999665e+01
1.589811000000000100e-06 -3.994299999999999784e+01
1.589872000000000090e-06 -4.051200000000000045e+01
1.589933000000000080e-06 -4.118800000000000239e+01
1.589994000000000069e-06 -4.092300000000000182e+01
