1.489996000000000023e-06 -3.795600000000000307e+01
1.490050000000000032e-06 -3.765599999999999881e+01
1.490103000000000012e-06 -3.745400000000000063e+01
1.490157000000000021e-06 -3.729599999999999937e+01
1.490210000000000001e-06 -3.736099999999999710e+01
1.490264000000000010e-06 -3.757300000000000040e+01
1.490316999999999990e-06 -3.768900000000000006e+01
1.490370999999999999e-06 -3.776500000000000057e+01
1.490423999999999979e-06 -3.764099999999999824e+01
1.490477999999999988e-06 -3.761699999999999733e+01
1.490530999999999968e-06 -3.788799999999999812e+01
1.490584999999999977e-06 -3.786399999999999721e+01
1.490638999999999985e-06 -3.765100000000000335e+01
1.490691999999999966e-06 -3.758100000000000307e+01
1.490745999999999974e-06 -3.753999999999999915e+01
1.490798999999999954e-06 -3.747200000000000131e+01
1.490852999999999963e-06 -3.739300000000000068e+01
1.490905999999999943e-06 -3.730100000000000193e+01
1.490959999999999952e-06 -3.720300000000000296e+01
1.491013999999999960e-06 -3.717300000000000182e+01
1.491066999999999941e-06 -3.702400000000000091e+01
1.491120999999999949e-06 -3.688400000000000034e+01
1.491173999999999930e-06 -3.691499999999999915e+01
1.491227999999999938e-06 -3.699900000000000233e+01
1.491281999999999946e-06 -3.689399999999999835e+01
1.491334999999999927e-06 -3.686999999999999744e+01
1.491388999999999935e-06 -3.717399999999999949e+01
1.491441999999999916e-06 -3.723700000000000188e+01
1.491495999999999924e-06 -3.700300000000000011e+01
1.491549999999999933e-06 -3.691499999999999915e+01
1.491602999999999913e-06 -3.687899999999999778e+01
1.491656999999999922e-06 -3.682500000000000284e+01
1.491710999999999930e-06 -3.682000000000000028e+01
1.491763999999999911e-06 -3.680899999999999750e+01
1.491817999999999919e-06 -3.673799999999999955e+01
1.491871999999999927e-06 -3.663799999999999812e+01
1.491924999999999908e-06 -3.673599999999999710e+01
1.491978999999999916e-06 -3.687100000000000222e+01
1.492032999999999924e-06 -3.669299999999999784e+01
1.492085999999999905e-06 -3.645199999999999818e+01
1.492139999999999913e-06 -3.639999999999999858e+01
1.492193999999999922e-06 -3.647299999999999898e+01
1.492246999999999902e-06 -3.663900000000000290e+01
1.492300999999999911e-06 -3.675000000000000000e+01
1.492354999999999919e-06 -3.665500000000000114e+01
1.492407999999999900e-06 -3.638700000000000045e+01
1.492461999999999908e-06 -3.613400000000000034e+01
1.492515999999999916e-06 -3.597800000000000153e+01
1.492568999999999897e-06 -3.608100000000000307e+01
1.492622999999999905e-06 -3.640100000000000335e+01
1.492676999999999913e-06 -3.640800000000000125e+01
1.492729999999999894e-06 -3.630100000000000193e+01
1.492783999999999902e-06 -3.643999999999999773e+01
1.492837999999999911e-06 -3.643500000000000227e+01
1.492891999999999919e-06 -3.626700000000000301e+01
1.492945999999999927e-06 -3.626899999999999835e+01
1.492998999999999908e-06 -3.643099999999999739e+01
1.493052999999999916e-06 -3.657800000000000296e+01
1.493106999999999925e-06 -3.665899999999999892e+01
1.493159999999999905e-06 -3.654500000000000171e+01
1.493213999999999914e-06 -3.628999999999999915e+01
1.493267999999999922e-06 -3.620499999999999829e+01
1.493321999999999930e-06 -3.612500000000000000e+01
1.493374999999999911e-06 -3.594599999999999795e+01
1.493428999999999919e-06 -3.603199999999999648e+01
1.493482999999999927e-06 -3.625800000000000267e+01
1.493536999999999936e-06 -3.620499999999999829e+01
1.493590999999999944e-06 -3.599900000000000233e+01
1.493643999999999925e-06 -3.577100000000000080e+01
1.493697999999999933e-06 -3.578000000000000114e+01
1.493751999999999941e-06 -3.604800000000000182e+01
1.493805999999999950e-06 -3.604800000000000182e+01
1.493858999999999930e-06 -3.578199999999999648e+01
1.493912999999999939e-06 -3.561500000000000199e+01
1.493966999999999947e-06 -3.569200000000000017e+01
1.494020999999999955e-06 -3.584700000000000131e+01
1.494074999999999963e-06 -3.592000000000000171e+01
1.494127999999999944e-06 -3.599600000000000222e+01
1.494181999999999952e-06 -3.586599999999999966e+01
1.494235999999999961e-06 -3.556799999999999784e+01
1.494289999999999969e-06 -3.548799999999999955e+01
1.494343999999999977e-06 -3.556499999999999773e+01
1.494397999999999986e-06 -3.551100000000000279e+01
1.494450999999999966e-06 -3.537100000000000222e+01
1.494504999999999975e-06 -3.535799999999999699e+01
1.494558999999999983e-06 -3.536800000000000210e+01
1.494612999999999991e-06 -3.529999999999999716e+01
1.494666999999999999e-06 -3.514099999999999824e+01
1.494721000000000008e-06 -3.510799999999999699e+01
1.494773999999999988e-06 -3.533700000000000330e+01
1.494827999999999997e-06 -3.547500000000000142e+01
1.494882000000000005e-06 -3.531400000000000006e+01
1.494936000000000013e-06 -3.523799999999999955e+01
1.494990000000000022e-06 -3.540299999999999869e+01
1.495044000000000030e-06 -3.546500000000000341e+01
1.495098000000000038e-06 -3.535499999999999687e+01
1.495152000000000046e-06 -3.522200000000000131e+01
1.495206000000000055e-06 -3.503699999999999903e+01
1.495259000000000035e-06 -3.498400000000000176e+01
1.495313000000000044e-06 -3.508100000000000307e+01
1.495367000000000052e-06 -3.504899999999999949e+01
1.495421000000000060e-06 -3.502600000000000335e+01
1.495475000000000069e-06 -3.507600000000000051e+01
1.495529000000000077e-06 -3.509899999999999665e+01
1.495583000000000085e-06 -3.507900000000000063e+01
1.495637000000000093e-06 -3.493099999999999739e+01
1.495691000000000102e-06 -3.481499999999999773e+01
1.495744999999999898e-06 -3.486800000000000210e+01
1.495798000000000091e-06 -3.488499999999999801e+01
1.495852000000000099e-06 -3.490699999999999648e+01
1.495905999999999896e-06 -3.504599999999999937e+01
1.495959999999999904e-06 -3.490999999999999659e+01
1.496013999999999912e-06 -3.465299999999999869e+01
1.496067999999999920e-06 -3.474199999999999733e+01
1.496121999999999929e-06 -3.485399999999999920e+01
1.496175999999999937e-06 -3.477100000000000080e+01
1.496229999999999945e-06 -3.469299999999999784e+01
1.496283999999999954e-06 -3.465400000000000347e+01
1.496337999999999962e-06 -3.461200000000000188e+01
1.496391999999999970e-06 -3.460000000000000142e+01
1.496445999999999979e-06 -3.458100000000000307e+01
1.496499999999999987e-06 -3.449799999999999756e+01
1.496553999999999995e-06 -3.446900000000000119e+01
1.496608000000000003e-06 -3.443500000000000227e+01
1.496662000000000012e-06 -3.440500000000000114e+01
1.496716000000000020e-06 -3.450200000000000244e+01
1.496770000000000028e-06 -3.453199999999999648e+01
1.496824000000000037e-06 -3.443299999999999983e+01
1.496878000000000045e-06 -3.437700000000000244e+01
1.496932000000000053e-06 -3.433899999999999864e+01
1.496986000000000061e-06 -3.425699999999999790e+01
1.497040000000000070e-06 -3.424600000000000222e+01
1.497094000000000078e-06 -3.427400000000000091e+01
1.497148000000000086e-06 -3.426899999999999835e+01
1.497202000000000095e-06 -3.418699999999999761e+01
1.497256000000000103e-06 -3.406799999999999784e+01
1.497309999999999899e-06 -3.407399999999999807e+01
1.497363999999999908e-06 -3.407699999999999818e+01
1.497417999999999916e-06 -3.396500000000000341e+01
1.497471999999999924e-06 -3.390200000000000102e+01
1.497526999999999960e-06 -3.384199999999999875e+01
1.497580999999999968e-06 -3.375699999999999790e+01
1.497634999999999977e-06 -3.378600000000000136e+01
1.497688999999999985e-06 -3.386800000000000210e+01
1.497742999999999993e-06 -3.390800000000000125e+01
1.497797000000000002e-06 -3.382000000000000028e+01
1.497851000000000010e-06 -3.365699999999999648e+01
1.497905000000000018e-06 -3.359199999999999875e+01
1.497959000000000027e-06 -3.360300000000000153e+01
1.498013000000000035e-06 -3.359300000000000352e+01
1.498067000000000043e-06 -3.362100000000000222e+01
1.498121000000000051e-06 -3.372999999999999687e+01
1.498175000000000060e-06 -3.369800000000000040e+01
1.498229000000000068e-06 -3.353300000000000125e+01
1.498284000000000104e-06 -3.345700000000000074e+01
1.498337999999999900e-06 -3.346699999999999875e+01
1.498391999999999909e-06 -3.348700000000000188e+01
1.498445999999999917e-06 -3.343800000000000239e+01
1.498499999999999925e-06 -3.337500000000000000e+01
1.498553999999999934e-06 -3.340699999999999648e+01
1.498607999999999942e-06 -3.340400000000000347e+01
1.498661999999999950e-06 -3.340100000000000335e+01
1.498716999999999986e-06 -3.343999999999999773e+01
1.498770999999999994e-06 -3.337199999999999989e+01
1.498825000000000003e-06 -3.327300000000000324e+01
1.498879000000000011e-06 -3.324399999999999977e+01
1.498933000000000019e-06 -3.327100000000000080e+01
1.498988000000000055e-06 -3.322999999999999687e+01
1.499042000000000063e-06 -3.308899999999999864e+01
1.499096000000000072e-06 -3.303399999999999892e+01
1.499150000000000080e-06 -3.310399999999999920e+01
1.499204000000000088e-06 -3.311200000000000188e+01
1.499258000000000097e-06 -3.299499999999999744e+01
1.499312000000000105e-06 -3.297099999999999653e+01
1.499366999999999929e-06 -3.302400000000000091e+01
1.499420999999999937e-06 -3.296999999999999886e+01
1.499474999999999946e-06 -3.288600000000000279e+01
1.499528999999999954e-06 -3.284799999999999898e+01
1.499583999999999990e-06 -3.286500000000000199e+01
1.499637999999999998e-06 -3.288100000000000023e+01
1.499692000000000006e-06 -3.281499999999999773e+01
1.499746000000000015e-06 -3.271300000000000097e+01
1.499800000000000023e-06 -3.263799999999999812e+01
1.499855000000000059e-06 -3.262299999999999756e+01
1.499909000000000067e-06 -3.264200000000000301e+01
1.499963000000000075e-06 -3.261099999999999710e+01
1.500017000000000084e-06 -3.259199999999999875e+01
1.500071999999999908e-06 -3.260099999999999909e+01
1.500125999999999916e-06 -3.255400000000000205e+01
1.500179999999999924e-06 -3.250200000000000244e+01
1.500233999999999933e-06 -3.249600000000000222e+01
1.500288999999999969e-06 -3.248799999999999955e+01
1.500342999999999977e-06 -3.239300000000000068e+01
1.500396999999999985e-06 -3.224600000000000222e+01
1.500450999999999994e-06 -3.215100000000000335e+01
1.500506000000000029e-06 -3.211599999999999966e+01
1.500560000000000038e-06 -3.211200000000000188e+01
1.500614000000000046e-06 -3.215899999999999892e+01
1.500669000000000082e-06 -3.228000000000000114e+01
1.500723000000000090e-06 -3.237100000000000222e+01
1.500777000000000098e-06 -3.229800000000000182e+01
1.500830999999999895e-06 -3.210999999999999943e+01
1.500885999999999931e-06 -3.198699999999999832e+01
1.500939999999999939e-06 -3.197800000000000153e+01
1.500993999999999948e-06 -3.196799999999999997e+01
1.501048999999999983e-06 -3.194099999999999895e+01
1.501102999999999992e-06 -3.196099999999999852e+01
1.501157000000000000e-06 -3.198199999999999932e+01
1.501212000000000036e-06 -3.196099999999999852e+01
1.501266000000000044e-06 -3.191499999999999915e+01
1.501320000000000052e-06 -3.188200000000000145e+01
1.501375000000000088e-06 -3.190500000000000114e+01
1.501429000000000097e-06 -3.189999999999999858e+01
1.501483000000000105e-06 -3.182600000000000051e+01
1.501537999999999929e-06 -3.181700000000000017e+01
1.501591999999999937e-06 -3.179899999999999949e+01
1.501645999999999946e-06 -3.173499999999999943e+01
1.501700999999999982e-06 -3.170599999999999952e+01
1.501754999999999990e-06 -3.166300000000000026e+01
1.501808999999999998e-06 -3.167899999999999849e+01
1.501864000000000034e-06 -3.172599999999999909e+01
1.501918000000000042e-06 -3.165200000000000102e+01
1.501972000000000051e-06 -3.158200000000000074e+01
1.502027000000000087e-06 -3.158299999999999841e+01
1.502081000000000095e-06 -3.160500000000000043e+01
1.502135999999999919e-06 -3.163100000000000023e+01
1.502189999999999927e-06 -3.151800000000000068e+01
1.502243999999999936e-06 -3.136499999999999844e+01
1.502298999999999971e-06 -3.137300000000000111e+01
1.502352999999999980e-06 -3.140599999999999881e+01
1.502408000000000016e-06 -3.136700000000000088e+01
1.502462000000000024e-06 -3.134900000000000020e+01
1.502517000000000060e-06 -3.131899999999999906e+01
1.502571000000000068e-06 -3.124299999999999855e+01
1.502625000000000076e-06 -3.121399999999999864e+01
1.502679999999999901e-06 -3.120599999999999952e+01
1.502733999999999909e-06 -3.117599999999999838e+01
1.502788999999999945e-06 -3.117000000000000171e+01
1.502842999999999953e-06 -3.114900000000000091e+01
1.502896999999999961e-06 -3.111899999999999977e+01
1.502951999999999997e-06 -3.112699999999999889e+01
1.503007000000000033e-06 -3.109799999999999898e+01
1.503061000000000041e-06 -3.103900000000000148e+01
1.503115000000000050e-06 -3.103600000000000136e+01
1.503170000000000086e-06 -3.102299999999999969e+01
1.503224000000000094e-06 -3.092000000000000171e+01
1.503278999999999918e-06 -3.082999999999999829e+01
1.503332999999999926e-06 -3.082799999999999940e+01
1.503387999999999962e-06 -3.085699999999999932e+01
1.503441999999999970e-06 -3.086700000000000088e+01
1.503497000000000006e-06 -3.085900000000000176e+01
1.503551000000000015e-06 -3.082300000000000040e+01
1.503606000000000051e-06 -3.077299999999999969e+01
1.503660000000000059e-06 -3.074599999999999866e+01
1.503715000000000095e-06 -3.073100000000000165e+01
1.503769000000000103e-06 -3.073699999999999832e+01
1.503823999999999927e-06 -3.073499999999999943e+01
1.503877999999999935e-06 -3.071600000000000108e+01
1.503932999999999971e-06 -3.072700000000000031e+01
1.503986999999999980e-06 -3.067599999999999838e+01
1.504042000000000016e-06 -3.056299999999999883e+01
1.504096000000000024e-06 -3.055499999999999972e+01
1.504151000000000060e-06 -3.060800000000000054e+01
1.504205000000000068e-06 -3.060000000000000142e+01
1.504260000000000104e-06 -3.055600000000000094e+01
1.504314999999999928e-06 -3.047800000000000153e+01
1.504368999999999936e-06 -3.043700000000000117e+01
1.504423999999999972e-06 -3.048400000000000176e+01
1.504477999999999981e-06 -3.050100000000000122e+01
1.504533000000000016e-06 -3.045299999999999940e+01
1.504587000000000025e-06 -3.038100000000000023e+01
1.504642000000000061e-06 -3.032799999999999940e+01
1.504696000000000069e-06 -3.033999999999999986e+01
1.504751000000000105e-06 -3.035000000000000142e+01
1.504805999999999929e-06 -3.028999999999999915e+01
1.504859999999999937e-06 -3.023999999999999844e+01
1.504914999999999973e-06 -3.024299999999999855e+01
1.504968999999999981e-06 -3.023000000000000043e+01
1.505024000000000017e-06 -3.020400000000000063e+01
1.505079000000000053e-06 -3.015399999999999991e+01
1.505133000000000062e-06 -3.011299999999999955e+01
1.505188000000000097e-06 -3.010200000000000031e+01
1.505242000000000106e-06 -3.003399999999999892e+01
1.505296999999999930e-06 -2.997800000000000153e+01
1.505351999999999966e-06 -2.998499999999999943e+01
1.505405999999999974e-06 -2.995200000000000173e+01
1.505461000000000010e-06 -2.989600000000000080e+01
1.505516000000000046e-06 -2.987699999999999889e+01
1.505570000000000054e-06 -2.983500000000000085e+01
1.505625000000000090e-06 -2.978800000000000026e+01
1.505679999999999914e-06 -2.980999999999999872e+01
1.505733999999999922e-06 -2.982900000000000063e+01
1.505788999999999958e-06 -2.977799999999999869e+01
1.505843999999999994e-06 -2.969999999999999929e+01
1.505898000000000003e-06 -2.965599999999999881e+01
1.505953000000000038e-06 -2.965500000000000114e+01
1.506007000000000047e-06 -2.963899999999999935e+01
1.506062000000000083e-06 -2.962699999999999889e+01
1.506116999999999907e-06 -2.965800000000000125e+01
1.506170999999999915e-06 -2.963800000000000168e+01
1.506225999999999951e-06 -2.957999999999999829e+01
1.506280999999999987e-06 -2.958699999999999974e+01
1.506336000000000023e-06 -2.960300000000000153e+01
1.506390000000000031e-06 -2.956899999999999906e+01
1.506445000000000067e-06 -2.951000000000000156e+01
1.506500000000000103e-06 -2.945200000000000173e+01
1.506553999999999899e-06 -2.941400000000000148e+01
1.506608999999999935e-06 -2.939699999999999847e+01
1.506663999999999971e-06 -2.939300000000000068e+01
1.506719000000000007e-06 -2.938599999999999923e+01
1.506773000000000015e-06 -2.937099999999999866e+01
1.506828000000000051e-06 -2.936899999999999977e+01
1.506883000000000087e-06 -2.936799999999999855e+01
1.506937000000000095e-06 -2.933899999999999864e+01
1.506991999999999920e-06 -2.927899999999999991e+01
1.507046999999999955e-06 -2.921099999999999852e+01
1.507101999999999991e-06 -2.917200000000000060e+01
1.507157000000000027e-06 -2.918700000000000117e+01
1.507211000000000036e-06 -2.920899999999999963e+01
1.507266000000000071e-06 -2.915099999999999980e+01
1.507320999999999896e-06 -2.909600000000000009e+01
1.507375999999999931e-06 -2.910800000000000054e+01
1.507429999999999940e-06 -2.908899999999999864e+01
1.507484999999999976e-06 -2.901999999999999957e+01
1.507540000000000012e-06 -2.896099999999999852e+01
1.507595000000000047e-06 -2.893199999999999861e+01
1.507650000000000083e-06 -2.895200000000000173e+01
1.507704000000000092e-06 -2.897400000000000020e+01
1.507758999999999916e-06 -2.892000000000000171e+01
1.507813999999999952e-06 -2.883399999999999963e+01
1.507868999999999988e-06 -2.879400000000000048e+01
1.507922999999999996e-06 -2.880000000000000071e+01
1.507978000000000032e-06 -2.879100000000000037e+01
1.508033000000000068e-06 -2.873499999999999943e+01
1.508088000000000104e-06 -2.870299999999999940e+01
1.508142999999999928e-06 -2.871699999999999875e+01
1.508197999999999964e-06 -2.871600000000000108e+01
1.508251999999999972e-06 -2.870799999999999841e+01
1.508307000000000008e-06 -2.870299999999999940e+01
1.508362000000000044e-06 -2.864999999999999858e+01
1.508417000000000080e-06 -2.860399999999999920e+01
1.508471999999999904e-06 -2.860200000000000031e+01
1.508526999999999940e-06 -2.854100000000000037e+01
1.508580999999999948e-06 -2.845200000000000173e+01
1.508635999999999984e-06 -2.843799999999999883e+01
1.508691000000000020e-06 -2.846699999999999875e+01
1.508746000000000056e-06 -2.848499999999999943e+01
1.508801000000000091e-06 -2.844000000000000128e+01
1.508855999999999916e-06 -2.835600000000000165e+01
1.508910999999999951e-06 -2.832000000000000028e+01
1.508965999999999987e-06 -2.832799999999999940e+01
1.509021000000000023e-06 -2.833500000000000085e+01
1.509076000000000059e-06 -2.831400000000000006e+01
1.509130000000000067e-06 -2.828600000000000136e+01
1.509185000000000103e-06 -2.827599999999999980e+01
1.509239999999999928e-06 -2.826300000000000168e+01
1.509294999999999963e-06 -2.822500000000000142e+01
1.509349999999999999e-06 -2.818400000000000105e+01
1.509405000000000035e-06 -2.817899999999999849e+01
1.509460000000000071e-06 -2.817399999999999949e+01
1.509514999999999895e-06 -2.813599999999999923e+01
1.509569999999999931e-06 -2.810300000000000153e+01
1.509624999999999967e-06 -2.807100000000000151e+01
1.509680000000000003e-06 -2.804700000000000060e+01
1.509734000000000011e-06 -2.806200000000000117e+01
1.509790000000000075e-06 -2.807000000000000028e+01
1.509844000000000083e-06 -2.805399999999999849e+01
1.509898999999999907e-06 -2.801899999999999835e+01
1.509953999999999943e-06 -2.797599999999999909e+01
1.510008999999999979e-06 -2.797599999999999909e+01
1.510064000000000015e-06 -2.798900000000000077e+01
1.510119000000000051e-06 -2.796499999999999986e+01
1.510174000000000087e-06 -2.792399999999999949e+01
1.510228999999999911e-06 -2.787500000000000000e+01
1.510283999999999947e-06 -2.783500000000000085e+01
1.510338999999999983e-06 -2.782100000000000151e+01
1.510394000000000018e-06 -2.781700000000000017e+01
1.510449000000000054e-06 -2.780099999999999838e+01
1.510504000000000090e-06 -2.778800000000000026e+01
1.510558999999999914e-06 -2.775700000000000145e+01
1.510613999999999950e-06 -2.768599999999999994e+01
1.510668999999999986e-06 -2.762999999999999901e+01
1.510724000000000022e-06 -2.760399999999999920e+01
1.510779000000000058e-06 -2.759199999999999875e+01
1.510834000000000094e-06 -2.757799999999999940e+01
1.510888999999999918e-06 -2.754500000000000171e+01
1.510943999999999954e-06 -2.752499999999999858e+01
1.510998999999999990e-06 -2.751099999999999923e+01
1.511054000000000026e-06 -2.747200000000000131e+01
1.511109000000000062e-06 -2.743499999999999872e+01
1.511164000000000097e-06 -2.742200000000000060e+01
1.511218999999999922e-06 -2.742000000000000171e+01
1.511273999999999958e-06 -2.738700000000000045e+01
1.511330000000000021e-06 -2.734700000000000131e+01
1.511385000000000057e-06 -2.732199999999999918e+01
1.511440000000000093e-06 -2.730699999999999861e+01
1.511494999999999917e-06 -2.730000000000000071e+01
1.511549999999999953e-06 -2.728000000000000114e+01
1.511604999999999989e-06 -2.724299999999999855e+01
1.511660000000000025e-06 -2.722100000000000009e+01
1.511715000000000061e-06 -2.721199999999999974e+01
1.511770000000000096e-06 -2.721300000000000097e+01
1.511824999999999921e-06 -2.722400000000000020e+01
1.511879999999999956e-06 -2.719999999999999929e+01
1.511934999999999992e-06 -2.715299999999999869e+01
1.511991000000000056e-06 -2.713100000000000023e+01
1.512046000000000092e-06 -2.712000000000000099e+01
1.512100999999999916e-06 -2.708099999999999952e+01
1.512155999999999952e-06 -2.702299999999999969e+01
1.512210999999999988e-06 -2.701899999999999835e+01
1.512266000000000024e-06 -2.705399999999999849e+01
1.512321000000000059e-06 -2.703900000000000148e+01
1.512376999999999911e-06 -2.699200000000000088e+01
1.512431999999999947e-06 -2.696799999999999997e+01
1.512486999999999983e-06 -2.696099999999999852e+01
1.512542000000000019e-06 -2.694999999999999929e+01
1.512597000000000055e-06 -2.694099999999999895e+01
1.512652000000000091e-06 -2.692399999999999949e+01
1.512706999999999915e-06 -2.686700000000000088e+01
1.512762999999999978e-06 -2.682600000000000051e+01
1.512818000000000014e-06 -2.683999999999999986e+01
1.512873000000000050e-06 -2.686799999999999855e+01
1.512928000000000086e-06 -2.685699999999999932e+01
1.512982999999999910e-06 -2.678800000000000026e+01
1.513037999999999946e-06 -2.674200000000000088e+01
1.513094000000000010e-06 -2.673600000000000065e+01
1.513149000000000045e-06 -2.673600000000000065e+01
1.513204000000000081e-06 -2.674399999999999977e+01
1.513258999999999905e-06 -2.673600000000000065e+01
1.513313999999999941e-06 -2.671699999999999875e+01
1.513370000000000005e-06 -2.668799999999999883e+01
1.513425000000000041e-06 -2.664600000000000080e+01
1.513480000000000077e-06 -2.659799999999999898e+01
1.513534999999999901e-06 -2.655099999999999838e+01
1.513589999999999937e-06 -2.652400000000000091e+01
1.513646000000000000e-06 -2.651599999999999824e+01
1.513701000000000036e-06 -2.651200000000000045e+01
1.513756000000000072e-06 -2.647899999999999920e+01
1.513810999999999896e-06 -2.644000000000000128e+01
1.513866999999999960e-06 -2.644399999999999906e+01
1.513921999999999996e-06 -2.643400000000000105e+01
1.513977000000000031e-06 -2.638500000000000156e+01
1.514032000000000067e-06 -2.635000000000000142e+01
1.514087999999999919e-06 -2.633500000000000085e+01
1.514142999999999955e-06 -2.632700000000000173e+01
1.514197999999999991e-06 -2.631099999999999994e+01
1.514254000000000054e-06 -2.627199999999999847e+01
1.514309000000000090e-06 -2.625799999999999912e+01
1.514363999999999914e-06 -2.627400000000000091e+01
1.514418999999999950e-06 -2.624899999999999878e+01
1.514475000000000014e-06 -2.620700000000000074e+01
1.514530000000000050e-06 -2.617999999999999972e+01
1.514585000000000086e-06 -2.614300000000000068e+01
1.514639999999999910e-06 -2.610999999999999943e+01
1.514695999999999973e-06 -2.609900000000000020e+01
1.514751000000000009e-06 -2.610000000000000142e+01
1.514806000000000045e-06 -2.608800000000000097e+01
1.514861999999999897e-06 -2.606599999999999895e+01
1.514916999999999933e-06 -2.603099999999999881e+01
1.514971999999999969e-06 -2.600000000000000000e+01
1.515028000000000032e-06 -2.598699999999999832e+01
1.515083000000000068e-06 -2.598799999999999955e+01
1.515138000000000104e-06 -2.597299999999999898e+01
1.515193999999999956e-06 -2.592899999999999849e+01
1.515248999999999991e-06 -2.587699999999999889e+01
1.515304000000000027e-06 -2.586499999999999844e+01
1.515360000000000091e-06 -2.591600000000000037e+01
1.515414999999999915e-06 -2.594699999999999918e+01
1.515469999999999951e-06 -2.587000000000000099e+01
1.515526000000000014e-06 -2.577299999999999969e+01
1.515581000000000050e-06 -2.576399999999999935e+01
1.515636000000000086e-06 -2.580600000000000094e+01
1.515691999999999938e-06 -2.582300000000000040e+01
1.515746999999999974e-06 -2.579400000000000048e+01
1.515803000000000037e-06 -2.574099999999999966e+01
1.515858000000000073e-06 -2.571499999999999986e+01
1.515912999999999897e-06 -2.573400000000000176e+01
1.515968999999999961e-06 -2.574500000000000099e+01
1.516023999999999997e-06 -2.569600000000000151e+01
1.516080000000000060e-06 -2.561100000000000065e+01
1.516135000000000096e-06 -2.557499999999999929e+01
1.516190999999999948e-06 -2.559799999999999898e+01
1.516245999999999984e-06 -2.561199999999999832e+01
1.516301000000000020e-06 -2.556800000000000139e+01
1.516357000000000083e-06 -2.548999999999999844e+01
1.516411999999999907e-06 -2.545799999999999841e+01
1.516467999999999971e-06 -2.547299999999999898e+01
1.516523000000000007e-06 -2.547500000000000142e+01
1.516579000000000070e-06 -2.544000000000000128e+01
1.516633999999999894e-06 -2.539799999999999969e+01
1.516688999999999930e-06 -2.537399999999999878e+01
1.516744999999999994e-06 -2.534700000000000131e+01
1.516800000000000030e-06 -2.533899999999999864e+01
1.516856000000000093e-06 -2.534499999999999886e+01
1.516910999999999917e-06 -2.532000000000000028e+01
1.516966999999999981e-06 -2.526999999999999957e+01
1.517022000000000017e-06 -2.522899999999999920e+01
1.517078000000000080e-06 -2.519999999999999929e+01
1.517132999999999904e-06 -2.518299999999999983e+01
1.517188999999999968e-06 -2.517299999999999827e+01
1.517244000000000004e-06 -2.515299999999999869e+01
1.517300000000000067e-06 -2.512500000000000000e+01
1.517355000000000103e-06 -2.510399999999999920e+01
1.517410999999999955e-06 -2.509700000000000131e+01
1.517465999999999991e-06 -2.508399999999999963e+01
1.517522000000000054e-06 -2.505099999999999838e+01
1.517577000000000090e-06 -2.502499999999999858e+01
1.517632999999999942e-06 -2.500600000000000023e+01
1.517687999999999978e-06 -2.499699999999999989e+01
1.517744000000000041e-06 -2.500400000000000134e+01
1.517799000000000077e-06 -2.499699999999999989e+01
1.517854999999999929e-06 -2.496399999999999864e+01
1.517909999999999965e-06 -2.491799999999999926e+01
1.517966000000000028e-06 -2.489000000000000057e+01
1.518021000000000064e-06 -2.489399999999999835e+01
1.518076999999999916e-06 -2.490899999999999892e+01
1.518131999999999952e-06 -2.490399999999999991e+01
1.518188000000000015e-06 -2.488700000000000045e+01
1.518244000000000079e-06 -2.484900000000000020e+01
1.518298999999999903e-06 -2.480600000000000094e+01
1.518354999999999966e-06 -2.480799999999999983e+01
1.518410000000000002e-06 -2.483699999999999974e+01
1.518466000000000066e-06 -2.484299999999999997e+01
1.518521999999999918e-06 -2.479299999999999926e+01
1.518576999999999953e-06 -2.472899999999999920e+01
1.518633000000000017e-06 -2.473699999999999832e+01
1.518688000000000053e-06 -2.478500000000000014e+01
1.518743999999999905e-06 -2.478699999999999903e+01
1.518799999999999968e-06 -2.472700000000000031e+01
1.518855000000000004e-06 -2.467399999999999949e+01
1.518911000000000068e-06 -2.467999999999999972e+01
1.518966000000000103e-06 -2.469200000000000017e+01
1.519021999999999955e-06 -2.467500000000000071e+01
1.519078000000000019e-06 -2.463899999999999935e+01
1.519133000000000055e-06 -2.460200000000000031e+01
1.519188999999999906e-06 -2.458999999999999986e+01
1.519244999999999970e-06 -2.459499999999999886e+01
1.519300000000000006e-06 -2.457799999999999940e+01
1.519356000000000069e-06 -2.453099999999999881e+01
1.519411000000000105e-06 -2.448199999999999932e+01
1.519466999999999957e-06 -2.445700000000000074e+01
1.519523000000000020e-06 -2.446399999999999864e+01
1.519578000000000056e-06 -2.445200000000000173e+01
1.519633999999999908e-06 -2.439699999999999847e+01
1.519689999999999971e-06 -2.436400000000000077e+01
1.519745000000000007e-06 -2.436599999999999966e+01
1.519801000000000071e-06 -2.435500000000000043e+01
1.519856999999999923e-06 -2.432799999999999940e+01
1.519912999999999986e-06 -2.431099999999999994e+01
1.519968000000000022e-06 -2.429700000000000060e+01
1.520024000000000085e-06 -2.427599999999999980e+01
1.520079999999999937e-06 -2.424699999999999989e+01
1.520134999999999973e-06 -2.421199999999999974e+01
1.520191000000000037e-06 -2.419099999999999895e+01
1.520247000000000100e-06 -2.418799999999999883e+01
1.520301999999999924e-06 -2.418199999999999861e+01
1.520357999999999988e-06 -2.417299999999999827e+01
1.520414000000000051e-06 -2.416199999999999903e+01
1.520469999999999903e-06 -2.413700000000000045e+01
1.520524999999999939e-06 -2.411799999999999855e+01
1.520581000000000002e-06 -2.410800000000000054e+01
1.520637000000000066e-06 -2.409199999999999875e+01
1.520692000000000102e-06 -2.407000000000000028e+01
1.520747999999999954e-06 -2.405799999999999983e+01
1.520804000000000017e-06 -2.406700000000000017e+01
1.520860000000000081e-06 -2.404500000000000171e+01
1.520914999999999905e-06 -2.398499999999999943e+01
1.520970999999999968e-06 -2.395299999999999940e+01
1.521027000000000032e-06 -2.397100000000000009e+01
1.521083000000000095e-06 -2.400900000000000034e+01
1.521138999999999947e-06 -2.400199999999999889e+01
1.521193999999999983e-06 -2.392599999999999838e+01
1.521250000000000046e-06 -2.386599999999999966e+01
1.521305999999999898e-06 -2.386799999999999855e+01
1.521361999999999962e-06 -2.390399999999999991e+01
1.521418000000000025e-06 -2.392299999999999827e+01
1.521473000000000061e-06 -2.387699999999999889e+01
1.521528999999999913e-06 -2.382300000000000040e+01
1.521584999999999976e-06 -2.380999999999999872e+01
1.521641000000000040e-06 -2.381800000000000139e+01
1.521697000000000103e-06 -2.381800000000000139e+01
1.521751999999999927e-06 -2.377799999999999869e+01
1.521807999999999991e-06 -2.372899999999999920e+01
1.521864000000000054e-06 -2.372100000000000009e+01
1.521919999999999906e-06 -2.371799999999999997e+01
1.521975999999999970e-06 -2.370100000000000051e+01
1.522032000000000033e-06 -2.367200000000000060e+01
1.522087000000000069e-06 -2.366700000000000159e+01
1.522142999999999921e-06 -2.367699999999999960e+01
1.522198999999999984e-06 -2.365299999999999869e+01
1.522255000000000048e-06 -2.359299999999999997e+01
1.522310999999999899e-06 -2.354500000000000171e+01
1.522366999999999963e-06 -2.354200000000000159e+01
1.522423000000000026e-06 -2.355399999999999849e+01
1.522478000000000062e-06 -2.353999999999999915e+01
1.522533999999999914e-06 -2.349200000000000088e+01
1.522589999999999978e-06 -2.344699999999999918e+01
1.522646000000000041e-06 -2.345100000000000051e+01
1.522702000000000105e-06 -2.348000000000000043e+01
1.522757999999999956e-06 -2.346799999999999997e+01
1.522814000000000020e-06 -2.341000000000000014e+01
1.522870000000000083e-06 -2.336400000000000077e+01
1.522925999999999935e-06 -2.337199999999999989e+01
1.522981999999999999e-06 -2.341199999999999903e+01
1.523037000000000034e-06 -2.341300000000000026e+01
1.523093000000000098e-06 -2.335900000000000176e+01
1.523148999999999950e-06 -2.329899999999999949e+01
1.523205000000000013e-06 -2.327899999999999991e+01
1.523261000000000077e-06 -2.332600000000000051e+01
1.523316999999999928e-06 -2.336299999999999955e+01
1.523372999999999992e-06 -2.331800000000000139e+01
1.523429000000000055e-06 -2.325400000000000134e+01
1.523484999999999907e-06 -2.323600000000000065e+01
1.523540999999999971e-06 -2.326399999999999935e+01
1.523597000000000034e-06 -2.328999999999999915e+01
1.523653000000000098e-06 -2.326800000000000068e+01
1.523708999999999949e-06 -2.321600000000000108e+01
1.523765000000000013e-06 -2.318700000000000117e+01
1.523821000000000076e-06 -2.320499999999999829e+01
1.523876999999999928e-06 -2.323900000000000077e+01
1.523932999999999992e-06 -2.323300000000000054e+01
1.523989000000000055e-06 -2.318599999999999994e+01
1.524044999999999907e-06 -2.315099999999999980e+01
1.524100999999999970e-06 -2.315099999999999980e+01
1.524156000000000006e-06 -2.315399999999999991e+01
1.524213000000000097e-06 -2.314099999999999824e+01
1.524268999999999949e-06 -2.312000000000000099e+01
1.524325000000000013e-06 -2.310999999999999943e+01
1.524381000000000076e-06 -2.310800000000000054e+01
1.524436999999999928e-06 -2.309299999999999997e+01
1.524492999999999991e-06 -2.305900000000000105e+01
1.524549000000000055e-06 -2.302599999999999980e+01
1.524604999999999907e-06 -2.303099999999999881e+01
1.524660999999999970e-06 -2.306299999999999883e+01
1.524717000000000034e-06 -2.307000000000000028e+01
1.524773000000000097e-06 -2.302199999999999847e+01
1.524828999999999949e-06 -2.295899999999999963e+01
1.524885000000000012e-06 -2.293700000000000117e+01
1.524941000000000076e-06 -2.296099999999999852e+01
1.524996999999999928e-06 -2.298799999999999955e+01
1.525052999999999991e-06 -2.296999999999999886e+01
1.525109000000000055e-06 -2.291300000000000026e+01
1.525164999999999906e-06 -2.286599999999999966e+01
1.525220999999999970e-06 -2.287500000000000000e+01
1.525277000000000033e-06 -2.291000000000000014e+01
1.525333999999999913e-06 -2.290500000000000114e+01
1.525389999999999976e-06 -2.285399999999999920e+01
1.525446000000000040e-06 -2.280099999999999838e+01
1.525502000000000103e-06 -2.277899999999999991e+01
1.525557999999999955e-06 -2.282600000000000051e+01
1.525614000000000018e-06 -2.284499999999999886e+01
1.525670000000000082e-06 -2.281500000000000128e+01
1.525725999999999934e-06 -2.275499999999999901e+01
1.525781999999999997e-06 -2.272500000000000142e+01
1.525838000000000061e-06 -2.274299999999999855e+01
1.525894999999999940e-06 -2.276500000000000057e+01
1.525951000000000003e-06 -2.275400000000000134e+01
1.526007000000000067e-06 -2.270700000000000074e+01
1.526062999999999919e-06 -2.267699999999999960e+01
1.526118999999999982e-06 -2.269300000000000139e+01
1.526175000000000046e-06 -2.271600000000000108e+01
1.526230999999999897e-06 -2.270599999999999952e+01
1.526287999999999989e-06 -2.266799999999999926e+01
1.526344000000000052e-06 -2.263500000000000156e+01
1.526399999999999904e-06 -2.263400000000000034e+01
1.526455999999999967e-06 -2.265099999999999980e+01
1.526512000000000031e-06 -2.265500000000000114e+01
1.526568000000000094e-06 -2.262800000000000011e+01
1.526623999999999946e-06 -2.258399999999999963e+01
1.526681000000000037e-06 -2.255999999999999872e+01
1.526737000000000101e-06 -2.258099999999999952e+01
1.526792999999999952e-06 -2.262399999999999878e+01
1.526849000000000016e-06 -2.261400000000000077e+01
1.526905999999999895e-06 -2.253300000000000125e+01
1.526961999999999959e-06 -2.246600000000000108e+01
1.527018000000000022e-06 -2.247599999999999909e+01
1.527074000000000086e-06 -2.254200000000000159e+01
1.527129999999999937e-06 -2.256299999999999883e+01
1.527187000000000029e-06 -2.247899999999999920e+01
1.527243000000000092e-06 -2.238800000000000168e+01
1.527298999999999944e-06 -2.239600000000000080e+01
1.527355000000000007e-06 -2.246900000000000119e+01
1.527411000000000071e-06 -2.249500000000000099e+01
1.527467999999999950e-06 -2.242699999999999960e+01
1.527524000000000014e-06 -2.234100000000000108e+01
1.527580000000000077e-06 -2.233599999999999852e+01
1.527636999999999957e-06 -2.239600000000000080e+01
1.527693000000000020e-06 -2.240899999999999892e+01
1.527749000000000084e-06 -2.234400000000000119e+01
1.527804999999999935e-06 -2.227499999999999858e+01
1.527862000000000026e-06 -2.227400000000000091e+01
1.527918000000000090e-06 -2.233099999999999952e+01
1.527973999999999942e-06 -2.235300000000000153e+01
1.528030000000000005e-06 -2.228999999999999915e+01
1.528087000000000096e-06 -2.220400000000000063e+01
1.528142999999999948e-06 -2.218799999999999883e+01
1.528199000000000011e-06 -2.224299999999999855e+01
1.528255000000000075e-06 -2.227799999999999869e+01
1.528311999999999954e-06 -2.224299999999999855e+01
1.528368000000000018e-06 -2.217099999999999937e+01
1.528424000000000081e-06 -2.213899999999999935e+01
1.528480999999999961e-06 -2.216499999999999915e+01
1.528537000000000024e-06 -2.218900000000000006e+01
1.528593000000000088e-06 -2.217099999999999937e+01
1.528649999999999967e-06 -2.213599999999999923e+01
1.528706000000000030e-06 -2.212000000000000099e+01
1.528762000000000094e-06 -2.212199999999999989e+01
1.528818999999999973e-06 -2.210999999999999943e+01
1.528875000000000037e-06 -2.208599999999999852e+01
1.528931000000000100e-06 -2.208200000000000074e+01
1.528987999999999980e-06 -2.210099999999999909e+01
1.529044000000000043e-06 -2.209400000000000119e+01
1.529100999999999923e-06 -2.204799999999999827e+01
1.529156999999999986e-06 -2.200700000000000145e+01
1.529213000000000050e-06 -2.200600000000000023e+01
1.529269999999999929e-06 -2.203399999999999892e+01
1.529325999999999992e-06 -2.203099999999999881e+01
1.529382000000000056e-06 -2.198400000000000176e+01
1.529438999999999935e-06 -2.193900000000000006e+01
1.529494999999999999e-06 -2.194000000000000128e+01
1.529551000000000062e-06 -2.195799999999999841e+01
1.529607999999999942e-06 -2.194200000000000017e+01
1.529664000000000005e-06 -2.189999999999999858e+01
1.529721000000000096e-06 -2.187900000000000134e+01
1.529776999999999948e-06 -2.189199999999999946e+01
1.529834000000000039e-06 -2.190099999999999980e+01
1.529890000000000102e-06 -2.186899999999999977e+01
1.529945999999999954e-06 -2.182700000000000173e+01
1.530003000000000045e-06 -2.182199999999999918e+01
1.530058999999999897e-06 -2.183500000000000085e+01
1.530115999999999988e-06 -2.182600000000000051e+01
1.530172000000000052e-06 -2.179400000000000048e+01
1.530228999999999931e-06 -2.177299999999999969e+01
1.530284999999999995e-06 -2.177299999999999969e+01
1.530341000000000058e-06 -2.176800000000000068e+01
1.530397999999999937e-06 -2.174200000000000088e+01
1.530454000000000001e-06 -2.170299999999999940e+01
1.530511000000000092e-06 -2.169099999999999895e+01
1.530566999999999944e-06 -2.170899999999999963e+01
1.530624000000000035e-06 -2.170299999999999940e+01
1.530680000000000098e-06 -2.167000000000000171e+01
1.530736999999999978e-06 -2.164799999999999969e+01
1.530793000000000041e-06 -2.165500000000000114e+01
1.530849999999999921e-06 -2.165800000000000125e+01
1.530905999999999984e-06 -2.162199999999999989e+01
1.530963000000000075e-06 -2.159100000000000108e+01
1.531018999999999927e-06 -2.160600000000000165e+01
1.531076000000000018e-06 -2.161899999999999977e+01
1.531132000000000081e-06 -2.158800000000000097e+01
1.531188999999999961e-06 -2.154700000000000060e+01
1.531245000000000024e-06 -2.154500000000000171e+01
1.531301999999999904e-06 -2.157600000000000051e+01
1.531357999999999967e-06 -2.158299999999999841e+01
1.531415000000000058e-06 -2.153500000000000014e+01
1.531470999999999910e-06 -2.148900000000000077e+01
1.531528000000000001e-06 -2.150199999999999889e+01
1.531585000000000092e-06 -2.155699999999999861e+01
1.531640999999999944e-06 -2.156899999999999906e+01
1.531698000000000035e-06 -2.149599999999999866e+01
1.531754000000000099e-06 -2.142299999999999827e+01
1.531810999999999978e-06 -2.144600000000000151e+01
1.531867000000000041e-06 -2.152499999999999858e+01
1.531923999999999921e-06 -2.153500000000000014e+01
1.531979999999999984e-06 -2.145700000000000074e+01
1.532037000000000075e-06 -2.138700000000000045e+01
1.532093999999999955e-06 -2.139499999999999957e+01
1.532150000000000018e-06 -2.145899999999999963e+01
1.532206999999999898e-06 -2.148400000000000176e+01
1.532262999999999961e-06 -2.143499999999999872e+01
1.532320000000000052e-06 -2.137300000000000111e+01
1.532375999999999904e-06 -2.135600000000000165e+01
1.532432999999999995e-06 -2.137999999999999901e+01
1.532490000000000086e-06 -2.140599999999999881e+01
1.532545999999999938e-06 -2.139900000000000091e+01
1.532603000000000029e-06 -2.135399999999999920e+01
1.532659999999999908e-06 -2.130999999999999872e+01
1.532715999999999972e-06 -2.129799999999999827e+01
1.532773000000000063e-06 -2.132999999999999829e+01
1.532829999999999942e-06 -2.134600000000000009e+01
1.532886000000000006e-06 -2.132400000000000162e+01
1.532943000000000097e-06 -2.127199999999999847e+01
1.532998999999999949e-06 -2.123100000000000165e+01
1.533056000000000040e-06 -2.123400000000000176e+01
1.533112999999999919e-06 -2.126399999999999935e+01
1.533168999999999983e-06 -2.127299999999999969e+01
1.533226000000000074e-06 -2.123400000000000176e+01
1.533282999999999953e-06 -2.117699999999999960e+01
1.533340000000000044e-06 -2.115899999999999892e+01
1.533395999999999896e-06 -2.118499999999999872e+01
1.533452999999999987e-06 -2.120700000000000074e+01
1.533509000000000050e-06 -2.117999999999999972e+01
1.533565999999999930e-06 -2.112600000000000122e+01
1.533623000000000021e-06 -2.111100000000000065e+01
1.533679999999999900e-06 -2.113400000000000034e+01
1.533735999999999964e-06 -2.114600000000000080e+01
1.533793000000000055e-06 -2.111899999999999977e+01
1.533849999999999934e-06 -2.108299999999999841e+01
1.533905999999999998e-06 -2.107499999999999929e+01
1.533963000000000089e-06 -2.108500000000000085e+01
1.534019999999999968e-06 -2.108599999999999852e+01
1.534077000000000059e-06 -2.107300000000000040e+01
1.534132999999999911e-06 -2.106099999999999994e+01
1.534190000000000002e-06 -2.105499999999999972e+01
1.534247000000000093e-06 -2.103600000000000136e+01
1.534303999999999972e-06 -2.101899999999999835e+01
1.534360000000000036e-06 -2.103099999999999881e+01
1.534416999999999915e-06 -2.105300000000000082e+01
1.534474000000000006e-06 -2.104299999999999926e+01
1.534531000000000098e-06 -2.099699999999999989e+01
1.534586999999999949e-06 -2.095799999999999841e+01
1.534644000000000040e-06 -2.096799999999999997e+01
1.534700999999999920e-06 -2.101200000000000045e+01
1.534758000000000011e-06 -2.102499999999999858e+01
1.534814000000000074e-06 -2.097400000000000020e+01
1.534870999999999954e-06 -2.091000000000000014e+01
1.534928000000000045e-06 -2.091900000000000048e+01
1.534984999999999924e-06 -2.098999999999999844e+01
1.535042000000000015e-06 -2.101300000000000168e+01
1.535098000000000079e-06 -2.093799999999999883e+01
1.535154999999999958e-06 -2.085500000000000043e+01
1.535212000000000049e-06 -2.087399999999999878e+01
1.535268999999999929e-06 -2.095599999999999952e+01
1.535326000000000020e-06 -2.097100000000000009e+01
1.535382000000000083e-06 -2.089999999999999858e+01
1.535438999999999962e-06 -2.083699999999999974e+01
1.535496000000000054e-06 -2.085900000000000176e+01
1.535552999999999933e-06 -2.092399999999999949e+01
1.535610000000000024e-06 -2.092500000000000071e+01
1.535666999999999903e-06 -2.086400000000000077e+01
1.535722999999999967e-06 -2.082499999999999929e+01
1.535780000000000058e-06 -2.085099999999999909e+01
1.535836999999999937e-06 -2.089699999999999847e+01
1.535894000000000028e-06 -2.088400000000000034e+01
1.535950999999999908e-06 -2.082499999999999929e+01
1.536007999999999999e-06 -2.080600000000000094e+01
1.536065000000000090e-06 -2.084400000000000119e+01
1.536121999999999969e-06 -2.086299999999999955e+01
1.536179000000000060e-06 -2.081400000000000006e+01
1.536234999999999912e-06 -2.076200000000000045e+01
1.536292000000000003e-06 -2.078000000000000114e+01
1.536349000000000094e-06 -2.082100000000000151e+01
1.536405999999999974e-06 -2.082000000000000028e+01
1.536463000000000065e-06 -2.076699999999999946e+01
1.536519999999999944e-06 -2.072899999999999920e+01
1.536577000000000035e-06 -2.075600000000000023e+01
1.536633999999999915e-06 -2.080399999999999849e+01
1.536691000000000006e-06 -2.078399999999999892e+01
1.536748000000000097e-06 -2.070400000000000063e+01
1.536803999999999949e-06 -2.066700000000000159e+01
1.536861000000000040e-06 -2.072500000000000142e+01
1.536917999999999919e-06 -2.078900000000000148e+01
1.536975000000000010e-06 -2.074899999999999878e+01
1.537032000000000101e-06 -2.064600000000000080e+01
1.537088999999999981e-06 -2.062600000000000122e+01
1.537146000000000072e-06 -2.071499999999999986e+01
1.537202999999999951e-06 -2.077199999999999847e+01
1.537260000000000042e-06 -2.070200000000000173e+01
1.537316999999999921e-06 -2.060800000000000054e+01
1.537374000000000013e-06 -2.062600000000000122e+01
1.537431000000000104e-06 -2.072200000000000131e+01
1.537487999999999983e-06 -2.075600000000000023e+01
1.537545000000000074e-06 -2.068799999999999883e+01
1.537601999999999953e-06 -2.061199999999999832e+01
1.537659000000000045e-06 -2.062199999999999989e+01
1.537715999999999924e-06 -2.069900000000000162e+01
1.537773000000000015e-06 -2.072800000000000153e+01
1.537829999999999894e-06 -2.067599999999999838e+01
1.537886999999999985e-06 -2.063599999999999923e+01
1.537944000000000077e-06 -2.065500000000000114e+01
1.538000999999999956e-06 -2.066799999999999926e+01
1.538058000000000047e-06 -2.063700000000000045e+01
1.538114999999999926e-06 -2.062699999999999889e+01
1.538172000000000017e-06 -2.067800000000000082e+01
1.538228999999999897e-06 -2.070799999999999841e+01
1.538285999999999988e-06 -2.064300000000000068e+01
1.538343000000000079e-06 -2.056099999999999994e+01
1.538399999999999958e-06 -2.057900000000000063e+01
1.538457000000000049e-06 -2.067800000000000082e+01
1.538513999999999929e-06 -2.070499999999999829e+01
1.538571000000000020e-06 -2.060699999999999932e+01
1.538627999999999899e-06 -2.052299999999999969e+01
1.538686000000000018e-06 -2.055900000000000105e+01
1.538742999999999897e-06 -2.065800000000000125e+01
1.538799999999999988e-06 -2.067599999999999838e+01
1.538857000000000079e-06 -2.058399999999999963e+01
1.538913999999999959e-06 -2.050100000000000122e+01
1.538971000000000050e-06 -2.052700000000000102e+01
1.539027999999999929e-06 -2.060500000000000043e+01
1.539085000000000020e-06 -2.061299999999999955e+01
1.539141999999999900e-06 -2.054899999999999949e+01
1.539198999999999991e-06 -2.050100000000000122e+01
1.539256000000000082e-06 -2.050600000000000023e+01
1.539313999999999989e-06 -2.051999999999999957e+01
1.539371000000000080e-06 -2.050900000000000034e+01
1.539427999999999959e-06 -2.048600000000000065e+01
1.539485000000000050e-06 -2.047299999999999898e+01
1.539541999999999930e-06 -2.047100000000000009e+01
1.539599000000000021e-06 -2.046999999999999886e+01
1.539655999999999900e-06 -2.044999999999999929e+01
1.539712999999999991e-06 -2.041100000000000136e+01
1.539770999999999898e-06 -2.039699999999999847e+01
1.539827999999999989e-06 -2.042099999999999937e+01
1.539885000000000080e-06 -2.044999999999999929e+01
1.539941999999999960e-06 -2.045299999999999940e+01
1.539999000000000051e-06 -2.041199999999999903e+01
1.540055999999999930e-06 -2.036599999999999966e+01
1.540114000000000049e-06 -2.033200000000000074e+01
1.540170999999999928e-06 -2.034799999999999898e+01
1.540228000000000019e-06 -2.040800000000000125e+01
1.540284999999999899e-06 -2.044099999999999895e+01
1.540341999999999990e-06 -2.040099999999999980e+01
1.540399999999999897e-06 -2.032600000000000051e+01
1.540456999999999988e-06 -2.029799999999999827e+01
1.540514000000000079e-06 -2.034900000000000020e+01
1.540570999999999958e-06 -2.041600000000000037e+01
1.540629000000000077e-06 -2.042399999999999949e+01
1.540685999999999956e-06 -2.037500000000000000e+01
1.540743000000000048e-06 -2.033500000000000085e+01
1.540799999999999927e-06 -2.034400000000000119e+01
1.540857000000000018e-06 -2.037399999999999878e+01
1.540914999999999925e-06 -2.038599999999999923e+01
1.540972000000000016e-06 -2.037800000000000011e+01
1.541028999999999895e-06 -2.037099999999999866e+01
1.541085999999999986e-06 -2.038800000000000168e+01
1.541144000000000105e-06 -2.040599999999999881e+01
1.541200999999999985e-06 -2.038599999999999923e+01
1.541258000000000076e-06 -2.036199999999999832e+01
1.541314999999999955e-06 -2.039000000000000057e+01
1.541373000000000074e-06 -2.045200000000000173e+01
1.541429999999999953e-06 -2.046000000000000085e+01
1.541487000000000044e-06 -2.038899999999999935e+01
1.541543999999999923e-06 -2.033299999999999841e+01
1.541602000000000042e-06 -2.038500000000000156e+01
1.541658999999999922e-06 -2.047899999999999920e+01
1.541716000000000013e-06 -2.046699999999999875e+01
1.541773999999999920e-06 -2.035600000000000165e+01
1.541831000000000011e-06 -2.029899999999999949e+01
1.541888000000000102e-06 -2.036899999999999977e+01
1.541946000000000009e-06 -2.045700000000000074e+01
1.542003000000000100e-06 -2.043900000000000006e+01
1.542059999999999979e-06 -2.034400000000000119e+01
1.542118000000000098e-06 -2.028999999999999915e+01
1.542174999999999977e-06 -2.033699999999999974e+01
1.542232000000000068e-06 -2.040599999999999881e+01
1.542289999999999975e-06 -2.039600000000000080e+01
1.542347000000000066e-06 -2.031500000000000128e+01
1.542403999999999946e-06 -2.026899999999999835e+01
1.542462000000000064e-06 -2.030799999999999983e+01
1.542518999999999944e-06 -2.036400000000000077e+01
1.542576000000000035e-06 -2.035800000000000054e+01
1.542633999999999942e-06 -2.030399999999999849e+01
1.542691000000000033e-06 -2.027599999999999980e+01
1.542747999999999912e-06 -2.028900000000000148e+01
1.542806000000000031e-06 -2.029599999999999937e+01
1.542862999999999910e-06 -2.030399999999999849e+01
1.542920000000000001e-06 -2.032400000000000162e+01
1.542977999999999908e-06 -2.030600000000000094e+01
1.543035000000000000e-06 -2.024500000000000099e+01
1.543092999999999906e-06 -2.022100000000000009e+01
1.543149999999999998e-06 -2.029400000000000048e+01
1.543207999999999905e-06 -2.037300000000000111e+01
1.543264999999999996e-06 -2.032999999999999829e+01
1.543322000000000087e-06 -2.022200000000000131e+01
1.543379999999999994e-06 -2.019300000000000139e+01
1.543437000000000085e-06 -2.026899999999999835e+01
1.543494999999999992e-06 -2.035999999999999943e+01
1.543552000000000083e-06 -2.035200000000000031e+01
1.543609999999999990e-06 -2.024699999999999989e+01
1.543667000000000081e-06 -2.018599999999999994e+01
1.543723999999999960e-06 -2.026699999999999946e+01
1.543782000000000079e-06 -2.037600000000000122e+01
1.543838999999999958e-06 -2.033800000000000097e+01
1.543897000000000077e-06 -2.021099999999999852e+01
1.543953999999999956e-06 -2.020499999999999829e+01
1.544012000000000075e-06 -2.032199999999999918e+01
1.544068999999999954e-06 -2.037600000000000122e+01
1.544127000000000073e-06 -2.029899999999999949e+01
1.544183999999999952e-06 -2.022100000000000009e+01
1.544242000000000071e-06 -2.024599999999999866e+01
1.544298999999999950e-06 -2.033200000000000074e+01
1.544356000000000042e-06 -2.037000000000000099e+01
1.544413999999999949e-06 -2.032799999999999940e+01
1.544472000000000067e-06 -2.027199999999999847e+01
1.544528999999999947e-06 -2.028200000000000003e+01
1.544587000000000065e-06 -2.034700000000000131e+01
1.544643999999999945e-06 -2.037600000000000122e+01
1.544702000000000063e-06 -2.033200000000000074e+01
1.544758999999999943e-06 -2.028200000000000003e+01
1.544817000000000061e-06 -2.029799999999999827e+01
1.544873999999999941e-06 -2.034700000000000131e+01
1.544932000000000059e-06 -2.035800000000000054e+01
1.544988999999999939e-06 -2.032999999999999829e+01
1.545047000000000057e-06 -2.030199999999999960e+01
1.545103999999999937e-06 -2.029599999999999937e+01
1.545162000000000056e-06 -2.031299999999999883e+01
1.545218999999999935e-06 -2.033399999999999963e+01
1.545277000000000054e-06 -2.032000000000000028e+01
1.545334999999999961e-06 -2.028200000000000003e+01
1.545392000000000052e-06 -2.027599999999999980e+01
1.545449999999999959e-06 -2.029200000000000159e+01
1.545507000000000050e-06 -2.028999999999999915e+01
1.545564999999999957e-06 -2.027499999999999858e+01
1.545622000000000048e-06 -2.027899999999999991e+01
1.545679999999999955e-06 -2.029200000000000159e+01
1.545738000000000073e-06 -2.029100000000000037e+01
1.545794999999999953e-06 -2.027499999999999858e+01
1.545853000000000071e-06 -2.026099999999999923e+01
1.545909999999999951e-06 -2.026500000000000057e+01
1.545968000000000070e-06 -2.030000000000000071e+01
1.546025999999999976e-06 -2.032999999999999829e+01
1.546083000000000068e-06 -2.029599999999999937e+01
1.546140999999999975e-06 -2.024099999999999966e+01
1.546199000000000093e-06 -2.026999999999999957e+01
1.546255999999999973e-06 -2.035699999999999932e+01
1.546314000000000091e-06 -2.036799999999999855e+01
1.546370999999999971e-06 -2.028000000000000114e+01
1.546429000000000089e-06 -2.024699999999999989e+01
1.546486999999999996e-06 -2.034799999999999898e+01
1.546544000000000087e-06 -2.043499999999999872e+01
1.546601999999999994e-06 -2.038200000000000145e+01
1.546659999999999901e-06 -2.028200000000000003e+01
1.546716999999999992e-06 -2.027899999999999991e+01
1.546774999999999899e-06 -2.037800000000000011e+01
1.546833000000000018e-06 -2.045400000000000063e+01
1.546889999999999897e-06 -2.040200000000000102e+01
1.546948000000000016e-06 -2.029500000000000171e+01
1.547005999999999923e-06 -2.029400000000000048e+01
1.547063000000000014e-06 -2.042099999999999937e+01
1.547120999999999921e-06 -2.050799999999999912e+01
1.547179000000000040e-06 -2.042800000000000082e+01
1.547236999999999947e-06 -2.030099999999999838e+01
1.547294000000000038e-06 -2.031800000000000139e+01
1.547351999999999945e-06 -2.045700000000000074e+01
1.547410000000000064e-06 -2.053000000000000114e+01
1.547466999999999943e-06 -2.046199999999999974e+01
1.547525000000000062e-06 -2.036799999999999855e+01
1.547582999999999969e-06 -2.037199999999999989e+01
1.547641000000000087e-06 -2.046600000000000108e+01
1.547697999999999967e-06 -2.052599999999999980e+01
1.547756000000000085e-06 -2.047599999999999909e+01
1.547813999999999992e-06 -2.039900000000000091e+01
1.547871999999999899e-06 -2.041499999999999915e+01
1.547928999999999990e-06 -2.049899999999999878e+01
1.547986999999999897e-06 -2.051399999999999935e+01
1.548045000000000016e-06 -2.043400000000000105e+01
1.548102999999999923e-06 -2.037600000000000122e+01
1.548161000000000042e-06 -2.040500000000000114e+01
1.548217999999999921e-06 -2.047599999999999909e+01
1.548276000000000040e-06 -2.050799999999999912e+01
1.548333999999999947e-06 -2.044900000000000162e+01
1.548392000000000065e-06 -2.036299999999999955e+01
1.548448999999999945e-06 -2.037099999999999866e+01
1.548507000000000063e-06 -2.047200000000000131e+01
1.548564999999999970e-06 -2.053500000000000014e+01
1.548623000000000089e-06 -2.047100000000000009e+01
1.548680999999999996e-06 -2.036799999999999855e+01
1.548738000000000087e-06 -2.036799999999999855e+01
1.548795999999999994e-06 -2.046999999999999886e+01
1.548853999999999901e-06 -2.054799999999999827e+01
1.548912000000000020e-06 -2.051899999999999835e+01
1.548969999999999927e-06 -2.042999999999999972e+01
1.549028000000000045e-06 -2.038800000000000168e+01
1.549084999999999925e-06 -2.046099999999999852e+01
1.549143000000000043e-06 -2.058599999999999852e+01
1.549200999999999950e-06 -2.059799999999999898e+01
1.549259000000000069e-06 -2.046900000000000119e+01
1.549316999999999976e-06 -2.040200000000000102e+01
1.549375000000000095e-06 -2.051999999999999957e+01
1.549433000000000002e-06 -2.066799999999999926e+01
1.549490000000000093e-06 -2.064199999999999946e+01
1.549548000000000000e-06 -2.050199999999999889e+01
1.549605999999999907e-06 -2.045799999999999841e+01
1.549664000000000025e-06 -2.056599999999999895e+01
1.549721999999999932e-06 -2.069600000000000151e+01
1.549780000000000051e-06 -2.071300000000000097e+01
1.549837999999999958e-06 -2.060099999999999909e+01
1.549896000000000077e-06 -2.049200000000000088e+01
1.549953999999999984e-06 -2.054599999999999937e+01
1.550011000000000075e-06 -2.073499999999999943e+01
1.550068999999999982e-06 -2.083200000000000074e+01
1.550127000000000100e-06 -2.069999999999999929e+01
1.550185000000000007e-06 -2.052400000000000091e+01
1.550242999999999914e-06 -2.053900000000000148e+01
1.550301000000000033e-06 -2.072299999999999898e+01
1.550358999999999940e-06 -2.087399999999999878e+01
1.550417000000000059e-06 -2.083800000000000097e+01
1.550474999999999966e-06 -2.067000000000000171e+01
1.550533000000000084e-06 -2.058099999999999952e+01
1.550590999999999991e-06 -2.069300000000000139e+01
1.550648999999999898e-06 -2.088299999999999912e+01
1.550707000000000017e-06 -2.091400000000000148e+01
1.550764999999999924e-06 -2.074699999999999989e+01
1.550823000000000043e-06 -2.062000000000000099e+01
1.550880999999999949e-06 -2.070299999999999940e+01
1.550939000000000068e-06 -2.087800000000000011e+01
1.550996999999999975e-06 -2.091700000000000159e+01
1.551055000000000094e-06 -2.077700000000000102e+01
1.551113000000000001e-06 -2.068299999999999983e+01
1.551170999999999908e-06 -2.075199999999999889e+01
1.551229000000000026e-06 -2.089000000000000057e+01
1.551286999999999933e-06 -2.089799999999999969e+01
1.551345000000000052e-06 -2.077400000000000091e+01
1.551402999999999959e-06 -2.071499999999999986e+01
1.551461000000000078e-06 -2.082000000000000028e+01
1.551518999999999985e-06 -2.094300000000000139e+01
1.551577000000000103e-06 -2.090500000000000114e+01
1.551635000000000010e-06 -2.075499999999999901e+01
1.551692999999999917e-06 -2.069900000000000162e+01
1.551751000000000036e-06 -2.081500000000000128e+01
1.551808999999999943e-06 -2.096000000000000085e+01
1.551867000000000062e-06 -2.096300000000000097e+01
1.551924999999999969e-06 -2.082700000000000173e+01
1.551983000000000087e-06 -2.073199999999999932e+01
1.552040999999999994e-06 -2.082400000000000162e+01
1.552098999999999901e-06 -2.099500000000000099e+01
1.552157000000000020e-06 -2.102599999999999980e+01
1.552214999999999927e-06 -2.090599999999999881e+01
1.552273000000000046e-06 -2.082499999999999929e+01
1.552331999999999980e-06 -2.089000000000000057e+01
1.552390000000000099e-06 -2.100499999999999901e+01
1.552448000000000006e-06 -2.103600000000000136e+01
1.552505999999999913e-06 -2.098400000000000176e+01
1.552564000000000031e-06 -2.094000000000000128e+01
1.552621999999999938e-06 -2.094800000000000040e+01
1.552680000000000057e-06 -2.098600000000000065e+01
1.552737999999999964e-06 -2.101599999999999824e+01
1.552796000000000083e-06 -2.101999999999999957e+01
1.552855000000000017e-06 -2.101099999999999923e+01
1.552912999999999924e-06 -2.101699999999999946e+01
1.552971000000000043e-06 -2.104299999999999926e+01
1.553028999999999950e-06 -2.105900000000000105e+01
1.553087000000000069e-06 -2.104599999999999937e+01
1.553144999999999976e-06 -2.103399999999999892e+01
1.553203000000000094e-06 -2.107499999999999929e+01
1.553262000000000029e-06 -2.113800000000000168e+01
1.553319999999999936e-06 -2.113200000000000145e+01
1.553378000000000054e-06 -2.106099999999999994e+01
1.553435999999999961e-06 -2.104700000000000060e+01
1.553494000000000080e-06 -2.112800000000000011e+01
1.553551999999999987e-06 -2.119500000000000028e+01
1.553610999999999922e-06 -2.117200000000000060e+01
1.553669000000000040e-06 -2.111599999999999966e+01
1.553726999999999947e-06 -2.111199999999999832e+01
1.553785000000000066e-06 -2.116900000000000048e+01
1.553842999999999973e-06 -2.122299999999999898e+01
1.553901999999999907e-06 -2.119500000000000028e+01
1.553960000000000026e-06 -2.111499999999999844e+01
1.554017999999999933e-06 -2.111400000000000077e+01
1.554076000000000052e-06 -2.121499999999999986e+01
1.554133999999999959e-06 -2.128600000000000136e+01
1.554193000000000105e-06 -2.121499999999999986e+01
1.554251000000000012e-06 -2.108999999999999986e+01
1.554308999999999919e-06 -2.109299999999999997e+01
1.554367000000000038e-06 -2.123300000000000054e+01
1.554425999999999972e-06 -2.133599999999999852e+01
1.554484000000000091e-06 -2.128099999999999881e+01
1.554541999999999998e-06 -2.114699999999999847e+01
1.554599999999999905e-06 -2.110999999999999943e+01
1.554659000000000051e-06 -2.121099999999999852e+01
1.554716999999999958e-06 -2.132000000000000028e+01
1.554775000000000077e-06 -2.129200000000000159e+01
1.554832999999999984e-06 -2.119800000000000040e+01
1.554891999999999918e-06 -2.117200000000000060e+01
1.554950000000000037e-06 -2.128000000000000114e+01
1.555007999999999944e-06 -2.136100000000000065e+01
1.555067000000000090e-06 -2.130300000000000082e+01
1.555124999999999997e-06 -2.124599999999999866e+01
1.555182999999999904e-06 -2.131800000000000139e+01
1.555242000000000051e-06 -2.142099999999999937e+01
1.555299999999999957e-06 -2.139499999999999957e+01
1.555358000000000076e-06 -2.130900000000000105e+01
1.555415999999999983e-06 -2.133299999999999841e+01
1.555474999999999918e-06 -2.145200000000000173e+01
1.555533000000000036e-06 -2.149399999999999977e+01
1.555590999999999943e-06 -2.140899999999999892e+01
1.555650000000000090e-06 -2.135600000000000165e+01
1.555707999999999997e-06 -2.142500000000000071e+01
1.555765999999999904e-06 -2.151399999999999935e+01
1.555825000000000050e-06 -2.151000000000000156e+01
1.555882999999999957e-06 -2.145299999999999940e+01
1.555941000000000076e-06 -2.144800000000000040e+01
1.556000000000000010e-06 -2.150400000000000134e+01
1.556057999999999917e-06 -2.153900000000000148e+01
1.556117000000000063e-06 -2.150600000000000023e+01
1.556174999999999970e-06 -2.147599999999999909e+01
1.556233000000000089e-06 -2.150799999999999912e+01
1.556292000000000024e-06 -2.156099999999999994e+01
1.556349999999999930e-06 -2.156800000000000139e+01
1.556409000000000077e-06 -2.152799999999999869e+01
1.556466999999999984e-06 -2.151099999999999923e+01
1.556525000000000102e-06 -2.156200000000000117e+01
1.556584000000000037e-06 -2.162099999999999866e+01
1.556641999999999944e-06 -2.160000000000000142e+01
1.556700000000000063e-06 -2.153099999999999881e+01
1.556758999999999997e-06 -2.153500000000000014e+01
1.556816999999999904e-06 -2.162099999999999866e+01
1.556876000000000050e-06 -2.166600000000000037e+01
1.556933999999999957e-06 -2.161299999999999955e+01
1.556993000000000104e-06 -2.156899999999999906e+01
1.557051000000000011e-06 -2.161799999999999855e+01
1.557109999999999945e-06 -2.169099999999999895e+01
1.557168000000000064e-06 -2.168199999999999861e+01
1.557225999999999971e-06 -2.162600000000000122e+01
1.557284999999999905e-06 -2.162900000000000134e+01
1.557343000000000024e-06 -2.168900000000000006e+01
1.557401999999999959e-06 -2.172599999999999909e+01
1.557460000000000077e-06 -2.171600000000000108e+01
1.557519000000000012e-06 -2.169699999999999918e+01
1.557576999999999919e-06 -2.170299999999999940e+01
1.557636000000000065e-06 -2.172599999999999909e+01
1.557693999999999972e-06 -2.175199999999999889e+01
1.557752999999999907e-06 -2.177299999999999969e+01
1.557811000000000025e-06 -2.176200000000000045e+01
1.557869999999999960e-06 -2.173400000000000176e+01
1.557928000000000079e-06 -2.175400000000000134e+01
1.557987000000000013e-06 -2.182100000000000151e+01
1.558044999999999920e-06 -2.185600000000000165e+01
1.558104000000000066e-06 -2.183599999999999852e+01
1.558161999999999973e-06 -2.182199999999999918e+01
1.558220999999999908e-06 -2.182700000000000173e+01
1.558279000000000027e-06 -2.183500000000000085e+01
1.558337999999999961e-06 -2.187600000000000122e+01
1.558396000000000080e-06 -2.193900000000000006e+01
1.558455000000000015e-06 -2.195100000000000051e+01
1.558513999999999949e-06 -2.189300000000000068e+01
1.558572000000000068e-06 -2.187099999999999866e+01
1.558631000000000002e-06 -2.191900000000000048e+01
1.558688999999999909e-06 -2.197899999999999920e+01
1.558748000000000056e-06 -2.199399999999999977e+01
1.558805999999999963e-06 -2.199200000000000088e+01
1.558864999999999897e-06 -2.199800000000000111e+01
1.558923000000000016e-06 -2.198400000000000176e+01
1.558981999999999950e-06 -2.196799999999999997e+01
1.559041000000000097e-06 -2.199800000000000111e+01
1.559099000000000004e-06 -2.203800000000000026e+01
1.559157999999999938e-06 -2.204700000000000060e+01
1.559216000000000057e-06 -2.204799999999999827e+01
1.559274999999999991e-06 -2.204799999999999827e+01
1.559333999999999926e-06 -2.203500000000000014e+01
1.559392000000000045e-06 -2.204100000000000037e+01
1.559450999999999979e-06 -2.210099999999999909e+01
1.559509999999999914e-06 -2.214600000000000080e+01
1.559568000000000032e-06 -2.209499999999999886e+01
1.559626999999999967e-06 -2.204299999999999926e+01
1.559685000000000086e-06 -2.210000000000000142e+01
1.559744000000000020e-06 -2.218499999999999872e+01
1.559802999999999955e-06 -2.217399999999999949e+01
1.559861000000000074e-06 -2.212199999999999989e+01
1.559920000000000008e-06 -2.213500000000000156e+01
1.559978999999999943e-06 -2.218900000000000006e+01
1.560037000000000061e-06 -2.221999999999999886e+01
1.560095999999999996e-06 -2.220700000000000074e+01
1.560154999999999930e-06 -2.217200000000000060e+01
1.560213000000000049e-06 -2.218100000000000094e+01
1.560271999999999984e-06 -2.225600000000000023e+01
1.560330999999999918e-06 -2.232000000000000028e+01
1.560389000000000037e-06 -2.228399999999999892e+01
1.560447999999999972e-06 -2.220700000000000074e+01
1.560506999999999906e-06 -2.222800000000000153e+01
1.560566000000000052e-06 -2.233500000000000085e+01
1.560623999999999959e-06 -2.240200000000000102e+01
1.560683000000000106e-06 -2.237300000000000111e+01
1.560742000000000040e-06 -2.231099999999999994e+01
1.560799999999999947e-06 -2.230000000000000071e+01
1.560859000000000093e-06 -2.237199999999999989e+01
1.560918000000000028e-06 -2.246199999999999974e+01
1.560976999999999963e-06 -2.244600000000000151e+01
1.561035000000000081e-06 -2.234700000000000131e+01
1.561094000000000016e-06 -2.235900000000000176e+01
1.561152999999999950e-06 -2.250400000000000134e+01
1.561212000000000097e-06 -2.255900000000000105e+01
1.561270000000000004e-06 -2.246799999999999997e+01
1.561328999999999938e-06 -2.242899999999999849e+01
1.561388000000000085e-06 -2.251300000000000168e+01
1.561447000000000019e-06 -2.259199999999999875e+01
1.561504999999999926e-06 -2.258500000000000085e+01
1.561564000000000072e-06 -2.255799999999999983e+01
1.561623000000000007e-06 -2.256599999999999895e+01
1.561681999999999941e-06 -2.259400000000000119e+01
1.561741000000000088e-06 -2.264099999999999824e+01
1.561798999999999995e-06 -2.267399999999999949e+01
1.561857999999999929e-06 -2.264999999999999858e+01
1.561917000000000076e-06 -2.263700000000000045e+01
1.561976000000000010e-06 -2.268299999999999983e+01
1.562034999999999945e-06 -2.271399999999999864e+01
1.562094000000000091e-06 -2.269200000000000017e+01
1.562151999999999998e-06 -2.268499999999999872e+01
1.562210999999999932e-06 -2.273799999999999955e+01
1.562270000000000079e-06 -2.277299999999999969e+01
1.562329000000000013e-06 -2.279599999999999937e+01
1.562387999999999948e-06 -2.276800000000000068e+01
1.562447000000000094e-06 -2.278399999999999892e+01
1.562505000000000001e-06 -2.283299999999999841e+01
1.562563999999999936e-06 -2.285800000000000054e+01
1.562623000000000082e-06 -2.285300000000000153e+01
1.562682000000000017e-06 -2.285600000000000165e+01
1.562740999999999951e-06 -2.287800000000000011e+01
1.562800000000000097e-06 -2.289999999999999858e+01
1.562858000000000004e-06 -2.292299999999999827e+01
1.562916999999999939e-06 -2.294900000000000162e+01
1.562976000000000085e-06 -2.294800000000000040e+01
1.563035000000000020e-06 -2.293700000000000117e+01
1.563093999999999954e-06 -2.295499999999999829e+01
1.563153000000000101e-06 -2.299899999999999878e+01
1.563212000000000035e-06 -2.301399999999999935e+01
1.563270999999999970e-06 -2.299699999999999989e+01
1.563329999999999904e-06 -2.301200000000000045e+01
1.563389000000000051e-06 -2.306099999999999994e+01
1.563446999999999958e-06 -2.309700000000000131e+01
1.563506000000000104e-06 -2.309299999999999997e+01
1.563565000000000038e-06 -2.308899999999999864e+01
1.563623999999999973e-06 -2.313899999999999935e+01
1.563682999999999908e-06 -2.319200000000000017e+01
1.563742000000000054e-06 -2.319200000000000017e+01
1.563800999999999988e-06 -2.319000000000000128e+01
1.563859999999999923e-06 -2.323000000000000043e+01
1.563919000000000069e-06 -2.326000000000000156e+01
1.563978000000000004e-06 -2.326800000000000068e+01
1.564036999999999938e-06 -2.329799999999999827e+01
1.564096000000000085e-06 -2.333099999999999952e+01
1.564155000000000019e-06 -2.333699999999999974e+01
1.564213999999999954e-06 -2.334700000000000131e+01
1.564273000000000100e-06 -2.337800000000000011e+01
1.564332000000000035e-06 -2.340099999999999980e+01
1.564390999999999969e-06 -2.341100000000000136e+01
1.564449999999999904e-06 -2.343700000000000117e+01
1.564509000000000050e-06 -2.347700000000000031e+01
1.564567999999999985e-06 -2.351599999999999824e+01
1.564626999999999919e-06 -2.353399999999999892e+01
1.564686000000000065e-06 -2.352199999999999847e+01
1.564745000000000000e-06 -2.352799999999999869e+01
1.564803999999999935e-06 -2.358500000000000085e+01
1.564863000000000081e-06 -2.364699999999999847e+01
1.564922000000000015e-06 -2.365299999999999869e+01
1.564980999999999950e-06 -2.362399999999999878e+01
1.565040000000000096e-06 -2.362399999999999878e+01
1.565099000000000031e-06 -2.366799999999999926e+01
1.565157999999999965e-06 -2.372800000000000153e+01
1.565216999999999900e-06 -2.376300000000000168e+01
1.565276000000000046e-06 -2.374299999999999855e+01
1.565334999999999981e-06 -2.372700000000000031e+01
1.565393999999999915e-06 -2.378200000000000003e+01
1.565454000000000089e-06 -2.384900000000000020e+01
1.565513000000000024e-06 -2.386400000000000077e+01
1.565571999999999958e-06 -2.385200000000000031e+01
1.565631000000000105e-06 -2.385000000000000142e+01
1.565690000000000039e-06 -2.387900000000000134e+01
1.565748999999999974e-06 -2.392999999999999972e+01
1.565807999999999908e-06 -2.397100000000000009e+01
1.565867000000000055e-06 -2.395299999999999940e+01
1.565925999999999989e-06 -2.390800000000000125e+01
1.565984999999999924e-06 -2.393599999999999994e+01
1.566044000000000070e-06 -2.398799999999999955e+01
1.566104000000000032e-06 -2.407600000000000051e+01
1.566162999999999967e-06 -2.407999999999999829e+01
1.566221999999999901e-06 -2.404200000000000159e+01
1.566281000000000048e-06 -2.404599999999999937e+01
1.566339999999999982e-06 -2.412099999999999866e+01
1.566398999999999917e-06 -2.418700000000000117e+01
1.566458000000000063e-06 -2.417099999999999937e+01
1.566516999999999998e-06 -2.412900000000000134e+01
1.566576999999999960e-06 -2.415599999999999881e+01
1.566635999999999894e-06 -2.424200000000000088e+01
1.566695000000000041e-06 -2.431299999999999883e+01
1.566753999999999975e-06 -2.432199999999999918e+01
1.566812999999999910e-06 -2.431400000000000006e+01
1.566873000000000084e-06 -2.434400000000000119e+01
1.566932000000000018e-06 -2.439499999999999957e+01
1.566990999999999953e-06 -2.445200000000000173e+01
1.567050000000000099e-06 -2.448000000000000043e+01
1.567109000000000034e-06 -2.448600000000000065e+01
1.567168999999999996e-06 -2.451399999999999935e+01
1.567227999999999930e-06 -2.455600000000000094e+01
1.567287000000000077e-06 -2.459799999999999898e+01
1.567346000000000011e-06 -2.462199999999999989e+01
1.567404999999999946e-06 -2.463599999999999923e+01
1.567464999999999908e-06 -2.467000000000000171e+01
1.567524000000000054e-06 -2.472299999999999898e+01
1.567582999999999989e-06 -2.474599999999999866e+01
1.567641999999999923e-06 -2.473100000000000165e+01
1.567701000000000070e-06 -2.475199999999999889e+01
1.567761000000000032e-06 -2.480600000000000094e+01
1.567819999999999966e-06 -2.482700000000000173e+01
1.567878999999999901e-06 -2.483299999999999841e+01
1.567939000000000075e-06 -2.487300000000000111e+01
1.567998000000000009e-06 -2.491600000000000037e+01
1.568056999999999944e-06 -2.493700000000000117e+01
1.568116000000000090e-06 -2.496199999999999974e+01
1.568176000000000052e-06 -2.498799999999999955e+01
1.568234999999999987e-06 -2.499800000000000111e+01
1.568293999999999921e-06 -2.500000000000000000e+01
1.568354000000000095e-06 -2.502599999999999980e+01
1.568413000000000030e-06 -2.508299999999999841e+01
1.568471999999999965e-06 -2.510399999999999920e+01
1.568530999999999899e-06 -2.508699999999999974e+01
1.568591000000000073e-06 -2.511599999999999966e+01
1.568650000000000008e-06 -2.518700000000000117e+01
1.568708999999999942e-06 -2.523900000000000077e+01
1.568768999999999904e-06 -2.523999999999999844e+01
1.568828000000000051e-06 -2.523600000000000065e+01
1.568886999999999985e-06 -2.527499999999999858e+01
1.568946999999999947e-06 -2.532400000000000162e+01
1.569006000000000094e-06 -2.535900000000000176e+01
1.569065000000000028e-06 -2.539900000000000091e+01
1.569124999999999990e-06 -2.541199999999999903e+01
1.569183999999999925e-06 -2.539799999999999969e+01
1.569244000000000099e-06 -2.542699999999999960e+01
1.569303000000000033e-06 -2.548199999999999932e+01
1.569361999999999968e-06 -2.550400000000000134e+01
1.569421999999999930e-06 -2.548799999999999955e+01
1.569481000000000076e-06 -2.550199999999999889e+01
1.569540000000000011e-06 -2.557199999999999918e+01
1.569599999999999973e-06 -2.561700000000000088e+01
1.569658999999999908e-06 -2.562099999999999866e+01
1.569719000000000081e-06 -2.563200000000000145e+01
1.569778000000000016e-06 -2.566100000000000136e+01
1.569836999999999951e-06 -2.570799999999999841e+01
1.569896999999999913e-06 -2.576099999999999923e+01
1.569956000000000059e-06 -2.577899999999999991e+01
1.570016000000000021e-06 -2.580099999999999838e+01
1.570074999999999956e-06 -2.585300000000000153e+01
1.570134000000000102e-06 -2.590700000000000003e+01
1.570194000000000064e-06 -2.593299999999999983e+01
1.570252999999999999e-06 -2.593499999999999872e+01
1.570312999999999961e-06 -2.597100000000000009e+01
1.570371999999999895e-06 -2.602799999999999869e+01
1.570432000000000069e-06 -2.606400000000000006e+01
1.570491000000000004e-06 -2.610099999999999909e+01
1.570549999999999939e-06 -2.613700000000000045e+01
1.570609999999999901e-06 -2.614600000000000080e+01
1.570669000000000047e-06 -2.614900000000000091e+01
1.570729000000000009e-06 -2.619600000000000151e+01
1.570787999999999944e-06 -2.624500000000000099e+01
1.570847999999999906e-06 -2.623300000000000054e+01
1.570907000000000052e-06 -2.622700000000000031e+01
1.570967000000000014e-06 -2.630000000000000071e+01
1.571025999999999949e-06 -2.637399999999999878e+01
1.571085999999999911e-06 -2.635099999999999909e+01
1.571145000000000057e-06 -2.632300000000000040e+01
1.571205000000000019e-06 -2.638400000000000034e+01
1.571263999999999954e-06 -2.644300000000000139e+01
1.571323999999999916e-06 -2.645799999999999841e+01
1.571383000000000063e-06 -2.650400000000000134e+01
1.571443000000000025e-06 -2.654400000000000048e+01
1.571501999999999959e-06 -2.651999999999999957e+01
1.571561999999999921e-06 -2.652400000000000091e+01
1.571622000000000095e-06 -2.660399999999999920e+01
1.571681000000000030e-06 -2.668499999999999872e+01
1.571740999999999992e-06 -2.669800000000000040e+01
1.571799999999999927e-06 -2.670700000000000074e+01
1.571860000000000100e-06 -2.678099999999999881e+01
1.571919000000000035e-06 -2.681400000000000006e+01
1.571978999999999997e-06 -2.680399999999999849e+01
1.572037999999999932e-06 -2.683899999999999864e+01
1.572098000000000106e-06 -2.687999999999999901e+01
1.572158000000000068e-06 -2.688500000000000156e+01
1.572217000000000002e-06 -2.690500000000000114e+01
1.572276999999999964e-06 -2.697700000000000031e+01
1.572335999999999899e-06 -2.702499999999999858e+01
1.572396000000000073e-06 -2.701899999999999835e+01
1.572456000000000035e-06 -2.704700000000000060e+01
1.572514999999999970e-06 -2.714199999999999946e+01
1.572574999999999932e-06 -2.721000000000000085e+01
1.572634000000000078e-06 -2.721399999999999864e+01
1.572694000000000040e-06 -2.721699999999999875e+01
1.572754000000000002e-06 -2.724599999999999866e+01
1.572812999999999937e-06 -2.729400000000000048e+01
1.572872999999999899e-06 -2.734900000000000020e+01
1.572932000000000045e-06 -2.738800000000000168e+01
1.572992000000000008e-06 -2.742200000000000060e+01
1.573051999999999970e-06 -2.745599999999999952e+01
1.573110999999999904e-06 -2.750100000000000122e+01
1.573171000000000078e-06 -2.757100000000000151e+01
1.573231000000000040e-06 -2.760600000000000165e+01
1.573289999999999975e-06 -2.761799999999999855e+01
1.573349999999999937e-06 -2.767200000000000060e+01
1.573409999999999899e-06 -2.772599999999999909e+01
1.573469000000000046e-06 -2.771799999999999997e+01
1.573529000000000008e-06 -2.771600000000000108e+01
1.573588999999999970e-06 -2.779500000000000171e+01
1.573647999999999904e-06 -2.786199999999999832e+01
1.573708000000000078e-06 -2.791400000000000148e+01
1.573768000000000041e-06 -2.792399999999999949e+01
1.573828000000000003e-06 -2.788400000000000034e+01
1.573886999999999937e-06 -2.789499999999999957e+01
1.573946999999999899e-06 -2.798999999999999844e+01
1.574007000000000073e-06 -2.807900000000000063e+01
1.574066000000000008e-06 -2.809400000000000119e+01
1.574125999999999970e-06 -2.807300000000000040e+01
1.574185999999999932e-06 -2.810800000000000054e+01
1.574245999999999894e-06 -2.816499999999999915e+01
1.574306000000000068e-06 -2.817800000000000082e+01
1.574365000000000003e-06 -2.819800000000000040e+01
1.574424999999999965e-06 -2.825799999999999912e+01
1.574484999999999927e-06 -2.829400000000000048e+01
1.574545000000000101e-06 -2.830499999999999972e+01
1.574604000000000036e-06 -2.833699999999999974e+01
1.574663999999999998e-06 -2.838299999999999912e+01
1.574723999999999960e-06 -2.842299999999999827e+01
1.574782999999999894e-06 -2.846999999999999886e+01
1.574843000000000068e-06 -2.851399999999999935e+01
1.574903000000000030e-06 -2.853300000000000125e+01
1.574962999999999993e-06 -2.857499999999999929e+01
1.575022999999999955e-06 -2.863800000000000168e+01
1.575082999999999917e-06 -2.867800000000000082e+01
1.575142000000000063e-06 -2.869500000000000028e+01
1.575202000000000025e-06 -2.871099999999999852e+01
1.575261999999999988e-06 -2.875300000000000011e+01
1.575321999999999950e-06 -2.884100000000000108e+01
1.575381999999999912e-06 -2.886899999999999977e+01
1.575441000000000058e-06 -2.881200000000000117e+01
1.575501000000000020e-06 -2.884400000000000119e+01
1.575560999999999983e-06 -2.894900000000000162e+01
1.575620999999999945e-06 -2.897599999999999909e+01
1.575680999999999907e-06 -2.895499999999999829e+01
1.575741000000000081e-06 -2.898799999999999955e+01
1.575801000000000043e-06 -2.905699999999999861e+01
1.575859999999999977e-06 -2.911899999999999977e+01
1.575919999999999940e-06 -2.913800000000000168e+01
1.575979999999999902e-06 -2.912800000000000011e+01
1.576040000000000076e-06 -2.914199999999999946e+01
1.576100000000000038e-06 -2.915399999999999991e+01
1.576160000000000000e-06 -2.916799999999999926e+01
1.576219999999999962e-06 -2.925000000000000000e+01
1.576278999999999897e-06 -2.932600000000000051e+01
1.576339000000000071e-06 -2.933399999999999963e+01
1.576399000000000033e-06 -2.937500000000000000e+01
1.576458999999999995e-06 -2.944099999999999895e+01
1.576518999999999957e-06 -2.947400000000000020e+01
1.576578999999999919e-06 -2.946900000000000119e+01
1.576639000000000093e-06 -2.946000000000000085e+01
1.576699000000000055e-06 -2.950300000000000011e+01
1.576759000000000017e-06 -2.960900000000000176e+01
1.576818999999999980e-06 -2.970299999999999940e+01
1.576878999999999942e-06 -2.971999999999999886e+01
1.576938999999999904e-06 -2.972299999999999898e+01
1.576998000000000050e-06 -2.973499999999999943e+01
1.577059000000000040e-06 -2.975700000000000145e+01
1.577119000000000002e-06 -2.978300000000000125e+01
1.577177999999999937e-06 -2.980399999999999849e+01
1.577237999999999899e-06 -2.983899999999999864e+01
1.577298000000000073e-06 -2.990500000000000114e+01
1.577358000000000035e-06 -2.996499999999999986e+01
1.577417999999999997e-06 -2.997899999999999920e+01
1.577477999999999959e-06 -2.995899999999999963e+01
1.577537999999999921e-06 -2.998900000000000077e+01
1.577598000000000095e-06 -3.007100000000000151e+01
1.577658000000000057e-06 -3.012600000000000122e+01
1.577718000000000020e-06 -3.016300000000000026e+01
1.577777999999999982e-06 -3.022599999999999909e+01
1.577837999999999944e-06 -3.023100000000000165e+01
1.577897999999999906e-06 -3.023999999999999844e+01
1.577958000000000080e-06 -3.029200000000000159e+01
1.578018000000000042e-06 -3.036299999999999955e+01
1.578078000000000004e-06 -3.036899999999999977e+01
1.578137999999999966e-06 -3.032100000000000151e+01
1.578198999999999956e-06 -3.035200000000000031e+01
1.578258999999999918e-06 -3.041799999999999926e+01
1.578318000000000065e-06 -3.046900000000000119e+01
1.578379000000000054e-06 -3.051999999999999957e+01
1.578439000000000017e-06 -3.057400000000000162e+01
1.578498999999999979e-06 -3.062300000000000111e+01
1.578558999999999941e-06 -3.065399999999999991e+01
1.578618999999999903e-06 -3.070899999999999963e+01
1.578679000000000077e-06 -3.073699999999999832e+01
1.578739000000000039e-06 -3.073999999999999844e+01
1.578799000000000001e-06 -3.078200000000000003e+01
1.578858999999999963e-06 -3.078200000000000003e+01
1.578918999999999926e-06 -3.076800000000000068e+01
1.578979000000000100e-06 -3.083500000000000085e+01
1.579039000000000062e-06 -3.093799999999999883e+01
1.579100000000000051e-06 -3.100499999999999901e+01
1.579160000000000014e-06 -3.104799999999999827e+01
1.579219999999999976e-06 -3.103999999999999915e+01
1.579279999999999938e-06 -3.100600000000000023e+01
1.579339999999999900e-06 -3.102199999999999847e+01
1.579400000000000074e-06 -3.109499999999999886e+01
1.579460000000000036e-06 -3.122899999999999920e+01
1.579519999999999998e-06 -3.131599999999999895e+01
1.579580999999999988e-06 -3.129400000000000048e+01
1.579640999999999950e-06 -3.127199999999999847e+01
1.579700999999999912e-06 -3.130499999999999972e+01
1.579761000000000086e-06 -3.134799999999999898e+01
1.579821000000000048e-06 -3.135600000000000165e+01
1.579881000000000011e-06 -3.137900000000000134e+01
1.579942000000000000e-06 -3.151099999999999923e+01
1.580001999999999963e-06 -3.167699999999999960e+01
1.580061999999999925e-06 -3.170400000000000063e+01
1.580122000000000099e-06 -3.170499999999999829e+01
1.580182000000000061e-06 -3.172299999999999898e+01
1.580243000000000051e-06 -3.167999999999999972e+01
1.580303000000000013e-06 -3.168499999999999872e+01
1.580362999999999975e-06 -3.174200000000000088e+01
1.580422999999999937e-06 -3.180699999999999861e+01
1.580482999999999899e-06 -3.188500000000000156e+01
1.580544000000000101e-06 -3.195499999999999829e+01
1.580604000000000063e-06 -3.199299999999999855e+01
1.580664000000000025e-06 -3.196900000000000119e+01
1.580723999999999987e-06 -3.193900000000000006e+01
1.580783999999999949e-06 -3.196199999999999974e+01
1.580844999999999939e-06 -3.205599999999999739e+01
1.580904999999999901e-06 -3.218299999999999983e+01
1.580965000000000075e-06 -3.221800000000000352e+01
1.581025000000000037e-06 -3.222800000000000153e+01
1.581086000000000027e-06 -3.225399999999999778e+01
1.581145999999999989e-06 -3.221500000000000341e+01
1.581205999999999951e-06 -3.220100000000000051e+01
1.581265999999999914e-06 -3.226299999999999812e+01
1.581326999999999903e-06 -3.231199999999999761e+01
1.581387000000000077e-06 -3.240299999999999869e+01
1.581447000000000039e-06 -3.250600000000000023e+01
1.581508000000000029e-06 -3.242499999999999716e+01
1.581567999999999991e-06 -3.238600000000000279e+01
1.581627999999999953e-06 -3.248199999999999932e+01
1.581687999999999916e-06 -3.259100000000000108e+01
1.581748999999999905e-06 -3.267799999999999727e+01
1.581809000000000079e-06 -3.274699999999999989e+01
1.581869000000000041e-06 -3.276899999999999835e+01
1.581930000000000031e-06 -3.278099999999999881e+01
1.581989999999999993e-06 -3.288499999999999801e+01
1.582049999999999955e-06 -3.298599999999999710e+01
1.582110999999999945e-06 -3.298700000000000188e+01
1.582170999999999907e-06 -3.294500000000000028e+01
1.582231999999999897e-06 -3.297299999999999898e+01
1.582292000000000071e-06 -3.307800000000000296e+01
1.582352000000000033e-06 -3.322200000000000131e+01
1.582411999999999995e-06 -3.333400000000000318e+01
1.582472999999999985e-06 -3.325900000000000034e+01
1.582532999999999947e-06 -3.328699999999999903e+01
1.582593999999999937e-06 -3.343900000000000006e+01
1.582653999999999899e-06 -3.337599999999999767e+01
1.582714000000000073e-06 -3.337800000000000011e+01
1.582775000000000063e-06 -3.348499999999999943e+01
1.582835000000000025e-06 -3.347999999999999687e+01
1.582896000000000015e-06 -3.349799999999999756e+01
1.582955999999999977e-06 -3.362299999999999756e+01
1.583015999999999939e-06 -3.380400000000000205e+01
1.583076999999999929e-06 -3.390500000000000114e+01
1.583137000000000103e-06 -3.388400000000000034e+01
1.583198000000000093e-06 -3.378699999999999903e+01
1.583258000000000055e-06 -3.378000000000000114e+01
1.583319000000000044e-06 -3.391400000000000148e+01
1.583379000000000007e-06 -3.395199999999999818e+01
1.583438999999999969e-06 -3.383700000000000330e+01
1.583499999999999959e-06 -3.381199999999999761e+01
1.583559999999999921e-06 -3.405599999999999739e+01
1.583620999999999910e-06 -3.435099999999999909e+01
1.583681000000000084e-06 -3.437199999999999989e+01
1.583742000000000074e-06 -3.412599999999999767e+01
1.583802000000000036e-06 -3.393699999999999761e+01
1.583863000000000026e-06 -3.394400000000000261e+01
1.583922999999999988e-06 -3.404099999999999682e+01
1.583983999999999978e-06 -3.411699999999999733e+01
1.584043999999999940e-06 -3.418099999999999739e+01
1.584104999999999930e-06 -3.432699999999999818e+01
1.584165000000000104e-06 -3.442099999999999937e+01
1.584226000000000094e-06 -3.444700000000000273e+01
1.584286000000000056e-06 -3.457099999999999795e+01
1.584346000000000018e-06 -3.474300000000000210e+01
1.584407000000000008e-06 -3.476100000000000279e+01
1.584467999999999997e-06 -3.460600000000000165e+01
1.584527999999999960e-06 -3.447699999999999676e+01
1.584588999999999949e-06 -3.446200000000000330e+01
1.584648999999999911e-06 -3.454699999999999704e+01
1.584709999999999901e-06 -3.470100000000000051e+01
1.584770000000000075e-06 -3.481300000000000239e+01
1.584831000000000065e-06 -3.474900000000000233e+01
1.584891000000000027e-06 -3.457900000000000063e+01
1.584952000000000017e-06 -3.470199999999999818e+01
1.585011999999999979e-06 -3.498599999999999710e+01
1.585072999999999969e-06 -3.499199999999999733e+01
1.585133999999999958e-06 -3.484700000000000131e+01
1.585193999999999921e-06 -3.484400000000000119e+01
1.585254999999999910e-06 -3.509700000000000131e+01
1.585315000000000084e-06 -3.524499999999999744e+01
1.585376000000000074e-06 -3.532500000000000284e+01
1.585436000000000036e-06 -3.551800000000000068e+01
1.585497000000000026e-06 -3.565899999999999892e+01
1.585558000000000016e-06 -3.568999999999999773e+01
1.585617999999999978e-06 -3.560300000000000153e+01
1.585678999999999968e-06 -3.550399999999999778e+01
1.585738999999999930e-06 -3.540500000000000114e+01
1.585799999999999920e-06 -3.532200000000000273e+01
1.585860999999999909e-06 -3.546600000000000108e+01
1.585921000000000083e-06 -3.591499999999999915e+01
1.585982000000000073e-06 -3.613700000000000045e+01
1.586043000000000063e-06 -3.604699999999999704e+01
1.586103000000000025e-06 -3.598499999999999943e+01
1.586164000000000015e-06 -3.586299999999999955e+01
1.586223999999999977e-06 -3.583500000000000085e+01
1.586284999999999967e-06 -3.593200000000000216e+01
1.586345999999999956e-06 -3.605899999999999750e+01
1.586405999999999918e-06 -3.621500000000000341e+01
1.586466999999999908e-06 -3.612400000000000233e+01
1.586527999999999898e-06 -3.593299999999999983e+01
1.586589000000000100e-06 -3.593900000000000006e+01
1.586649000000000062e-06 -3.609499999999999886e+01
1.586710000000000051e-06 -3.628300000000000125e+01
1.586771000000000041e-06 -3.655499999999999972e+01
1.586831000000000003e-06 -3.686599999999999966e+01
1.586891999999999993e-06 -3.676700000000000301e+01
1.586952999999999983e-06 -3.646300000000000097e+01
1.587012999999999945e-06 -3.650699999999999790e+01
1.587073999999999935e-06 -3.658800000000000097e+01
1.587134999999999925e-06 -3.641499999999999915e+01
1.587195000000000098e-06 -3.639500000000000313e+01
1.587256000000000088e-06 -3.654399999999999693e+01
1.587317000000000078e-06 -3.669400000000000261e+01
1.587378000000000068e-06 -3.691499999999999915e+01
1.587438000000000030e-06 -3.703799999999999670e+01
1.587499000000000020e-06 -3.695900000000000318e+01
1.587560000000000009e-06 -3.676700000000000301e+01
1.587620999999999999e-06 -3.657800000000000296e+01
1.587680999999999961e-06 -3.669200000000000017e+01
1.587741999999999951e-06 -3.715299999999999869e+01
1.587802999999999941e-06 -3.732600000000000051e+01
1.587863999999999931e-06 -3.708800000000000097e+01
1.587924999999999920e-06 -3.688499999999999801e+01
1.587985000000000094e-06 -3.696500000000000341e+01
1.588046000000000084e-06 -3.727199999999999847e+01
1.588107000000000074e-06 -3.746800000000000352e+01
1.588168000000000064e-06 -3.748199999999999932e+01
1.588229000000000053e-06 -3.736200000000000188e+01
1.588289000000000015e-06 -3.721699999999999875e+01
1.588350000000000005e-06 -3.713900000000000290e+01
1.588410999999999995e-06 -3.710799999999999699e+01
1.588471999999999985e-06 -3.726500000000000057e+01
1.588532999999999975e-06 -3.741799999999999926e+01
1.588592999999999937e-06 -3.736399999999999721e+01
1.588653999999999926e-06 -3.748700000000000188e+01
1.588714999999999916e-06 -3.773799999999999955e+01
1.588775999999999906e-06 -3.795900000000000318e+01
1.588836999999999896e-06 -3.802700000000000102e+01
1.588898000000000097e-06 -3.810300000000000153e+01
1.588959000000000087e-06 -3.834400000000000119e+01
1.589020000000000077e-06 -3.821900000000000119e+01
1.589080000000000039e-06 -3.806300000000000239e+01
1.589141000000000029e-06 -3.811899999999999977e+01
1.589202000000000018e-06 -3.816400000000000148e+01
1.589263000000000008e-06 -3.849699999999999989e+01
1.589323999999999998e-06 -3.868399999999999750e+01
1.589384999999999988e-06 -3.840200000000000102e+01
1.589445999999999977e-06 -3.848700000000000188e+01
1.589506999999999967e-06 -3.855499999999999972e+01
1.589567999999999957e-06 -3.852400000000000091e+01
1.589627999999999919e-06 -3.882500000000000284e+01
1.589688999999999909e-06 -3.880100000000000193e+01
1.589749999999999899e-06 -3.856600000000000250e+01
1.589811000000000100e-06 -3.858899999999999864e+01
1.589872000000000090e-06 -3.877499999999999858e+01
1.589933000000000080e-06 -3.870199999999999818e+01
1.589994000000000069e-06 -3.890899999999999892e+01
